0.055489968374818656
0.0528201691113145
0.05649159893342301
0.05349126562344054
0.053563559923396724
0.050190720089713065
0.05383906932694174
0.05324737188454946
0.0531178951540403
0.05868123389630341
0.054902011980374824
0.06218447540609475
0.0521182044407999
0.062467321406277844
0.05514021519818755
0.056533099556656335
0.05756165727476287
0.05904970447970527
0.05516171085787448
0.04730587374228776
0.0603832351396909
0.060301713150431625
0.05070082862876575
0.05833697128963308
0.05711727352428795
0.05551942830125199
0.05175536198387363
0.06103335838312603
0.06289185385554902
0.05340462648507355
0.053548987988123145
0.04977267252798981
0.055328308110209716
0.06124113730110025
0.052036407558124435
0.058312500567651
0.05690853474692574
0.060671751688414016
0.052483954730066104
0.05207277883579081
0.05179507425416148
0.051364397010019616
0.049727998149912765
0.05655217788373989
0.05282507422723597
0.05158837262411112
0.056878480877023775
0.06347739405404354
0.051831600668608646
0.055401856120970476
0.06409880843185647
0.05912803256880352
0.0541371081547004
0.05382687009236861
0.0525161869295107
0.05166162261976183
0.05664098371335058
0.05794238695568083
0.05847758760326883
0.05636986061522634
0.05632893556839008
0.06288362525163621
0.05526581754358517
0.05436408279106558
0.05273614087523924
0.05164934801528716
0.055306085404237135
0.053782826180333816
0.06074842141507361
0.049610564977613195
0.056017476875161946
0.05850083795141927
0.05712341729335549
0.05520398240900135
0.052237454964392784
0.0583747452423097
0.05196912204263868
0.0540134739878863
0.04978228529159082
0.05652187758583068
0.052783235437539135
0.056790273912055225
0.05813279322192102
0.05944160884336838
0.05784736074864782
0.054489638653687965
0.05970951241780426
0.0525333570074099
0.0543893604776099
0.0490228823017344
0.053832302168094655
0.04527147806609378
0.05327525080043642
0.05763191811653087
0.05441190943291417
0.062046957608451976
0.046750815843926145
0.04561241788170719
0.05871226775379
0.049776446320281595
0.056491746026516694
0.05289852922483419
0.05417310386989243
0.06417574688187187
0.060215994026973474
0.05452447584008496
0.0606185824802435
0.05528552046928212
0.05333035920139196
0.06130501386640162
0.06095995721420309
0.050633754859253484
0.05817508660446606
0.06581469937913881
0.05626383983745086
0.05773487595000461
0.06088932147588821
0.05053548684287307
0.0544453705486967
0.05496277658683653
0.0577027345649617
0.06025936383044268
0.05649666479108305
0.04815786137895088
0.05458144041861829
0.049591209149424456
0.05268459270054791
0.055249268674589305
0.05827533284626725
0.0688403754905778
0.051898270632200365
0.05109819446100914
0.05192016527165833
0.05498002563014893
0.05361322808116256
0.0532725240399077
0.05990809373790853
0.05958560985762233
0.055276200411328774
0.06493051847575089
0.05085778538578552
0.05137319864610618
0.04785212045876278
0.05892093294276719
0.05349833744749958
0.05323299997527329
0.056389878845275236
0.057803058011072606
0.05220856052635099
0.05447799869662276
0.05002135849255183
0.058907570345604655
0.053731687400288594
0.05304162551246918
0.05784242017919269
0.05225843032809962
0.0527601800248658
0.052096273933364044
0.05863218275342206
0.058389785050571845
0.058563602527026436
0.05943567002281952
0.05214275001579836
0.05485893613751841
0.05899160300800076
0.059714384663532204
0.05698690223935955
0.05186754073694374
0.048733149525646696
0.057088577333076956
0.052040081204243055
0.0604385546161734
0.05209980055955384
0.05263556181847207
0.059099127540625886
0.053386184653361396
0.05407971605292232
0.05679494366426752
0.061781014872965445
0.05985336945635709
0.047725093689216465
0.05439512461641471
0.051603560147707415
0.05275661200631248
0.061126657701370275
0.06034287903213681
0.056775293616829
0.05317534628720523
0.06042300465903281
0.05165282693540121
0.05589336569041052
0.05675736984481773
0.05384658015284003
0.05562111195608395
0.057865204544646075
0.052460197648943
0.05972808762837076
0.056943320363452586
0.05217787104723129
0.05515420333894554
0.05717620910524374
0.04835366760617717
0.0587724002230334
0.054185848714505484
0.05006270724330534
0.05335239363385881
0.05522309054033485
0.05308383408183772
0.05136556420962961
0.05509533433867091
0.05143130338051151
0.06091186902591971
0.05736650633684121
0.0631852375519702
0.057646505581137715
0.05496220754284877
0.05481670652977527
0.05005217477742462
0.0535425963246098
0.0531829967936028
0.058290505550271515
0.058969308005582664
0.05332536490462871
0.056150886136031204
0.05844892583989122
0.056795431091270526
0.058735084562467815
0.05247555055538669
0.04852306874427541
0.05457587617004265
0.05177243096121856
0.052257422996024164
0.057282274596955174
0.06205909335638353
0.0542123721736948
0.05962011197542779
0.05964108202315174
0.06095617824727242
0.06261378081938573
0.05477098673041155
0.04787674637626651
0.05386759683657374
0.05103114840254648
0.05413413329777541
0.052303047401012465
0.04953149492677085
0.05761759263662498
0.05864773736099778
0.054420935029947944
0.05310298554564952
0.058193115474437035
0.05365339886832771
0.05424133121783825
0.06153623436966882
0.05459444527333744
0.05478990856440305
0.054857391578618714
0.054800835903781715
0.05346524985535325
0.054767202583395826
0.05650025866871829
0.05562350160448205
0.05844707457918957
0.05096510092407698
0.053537163880093885
0.057726064117707664
0.05652226445302176
0.06365245270762443
0.05454276569136937
0.06257236592283562
0.06597796749602367
0.04972246913420577
0.056336157969108173
0.058160543052169944
0.05553873192850233
0.058367025652030405
0.05504297977102851
0.05283431348882686
0.05632865398230933
0.05346867708075024
0.05414855615311353
0.05854260082933479
0.057741971745326734
0.05821050243919444
0.05532771882112684
0.05682051601379271
0.05154094982430479
0.05432963464694922
0.05893071004565172
0.05470184345076177
0.05473320868197334
0.054870919872835204
0.06253793098740516
0.05885785908297976
0.05346961758668158
0.054222722093034005
0.056643584396003914
0.05166157787967449
0.05374024095384357
0.048780149616520704
0.05138915104858597
0.0608413761767224
0.051622098067166465
0.05520026387523558
0.04760960043726072
0.05460518779266977
0.057941362900326115
0.06261703533969466
0.05242305740649499
0.04975542894079808
0.0507227381448547
0.05791926922959874
0.05089241753367105
0.052303663168911496
0.05460577047413608
0.05527105178765851
0.05556994979214096
0.06196838364045107
0.05848586766234803
0.053276417492802465
0.053126851653501034
0.05578779240352105
0.05921242169646121
0.0532745366394829
0.05377579353219062
0.06078500005580736
0.05238040561661819
0.05505226943694197
0.05763956017115561
0.053511090958095336
0.05105771070346691
0.05447398733628234
0.051565506961223945
0.058427851070450745
0.05285268465946956
0.06399921602229369
0.05211228671996196
0.05061893002225133
0.05485568448079448
0.06275122363891569
0.053627008336920884
0.06392127636260739
0.0559314543154278
0.056209204143779064
0.056115677908633185
0.05894133550076276
0.05102890851138909
0.061444546928223646
0.047859127835358777
0.06109528152278472
0.05883431304162059
0.05606629525382232
0.056031602205575834
0.05721431086588382
0.06220227291325045
0.057756901503362316
0.06110702863617462
0.059289433613766956
0.06350246618505025
0.05607456348130199
0.05852677681811201
0.054682191450997376
0.056681787902621183
0.05794743983033641
0.049890160976419795
0.061031949507132595
0.052276285511916286
0.05274246313609183
0.05536944337590285
0.054634845824170955
0.0515202248051628
0.047904358149926336
0.061315931531380555
0.06003256185151258
0.05934766303545075
0.05694249895206667
0.056589747838925175
0.05402268836750409
0.04786959053706596
0.058636141415295245
0.0529843307658939
0.061175361647997306
0.04797520151118079
0.05423681223580843
0.05201382166010717
0.06189710204396306
0.05963837297943883
0.05073797972221655
0.05526908534041468
0.05588935834138283
0.06203523563075123
0.049031805653503395
0.05126879609710158
0.05602136288285237
0.05766476868841892
0.054531160286028356
0.059048390403831946
0.051924321709807375
0.061883612601318416
0.05694029643279009
0.052244660313936035
0.04962339775918736
0.05512976718729533
0.05245192565295383
0.053826681513455696
0.055458710277903264
0.05966440998519829
0.05498583373749625
0.059650148219197945
0.0463035153538749
0.062216748365776765
0.06433713547452044
0.05420292702367078
0.05147439502062298
0.05277884418542726
0.055506402231690115
0.06212564206131446
0.061873849233493275
0.051640134974368264
0.04950208120882053
0.045465473417148135
0.052802410723315915
0.052469548402855254
0.057657268959510476
0.04820973753372073
0.054590535600200385
0.059255460381682494
0.05519268800328518
0.05153587164051714
0.05226344663651162
0.05444378167411742
0.051173199115405625
0.054733263939579044
0.05429709107796043
0.05606315223929414
0.05438026387472746
0.0517191634612891
0.06018559992208793
0.051926141418884984
0.05435396655859677
0.05553208170910693
0.050682424955584796
0.05223155712991229
0.05203620683979352
0.053836687475045435
0.060183145372816396
0.057419501920167024
0.05436975081283436
0.04953908504909123
0.05522569180816845
0.06227239949669638
0.05005758634530594
0.05488083878768066
0.06075939416534311
0.05612507904149879
0.05230906633625182
0.05526281554608886
0.051199582421927514
0.0512977784337636
0.05581214109939083
0.05716587587454797
0.05744394225717315
0.06019455514854144
0.05362130351290943
0.05398668446902775
0.05266081582466995
0.060969916526078125
0.05398942743247972
0.05271714034708566
0.056940920835195356
0.05766010619967346
0.05916727004670975
0.05253323450758216
0.05259145380835889
0.05864592191283009
0.058081394437554085
0.05081486908483839
0.05517615018660308
0.0615830710059754
0.04692230242751066
0.04945917289699537
0.0520496673383559
0.056193165139434315
0.053298367386069
0.05274928894667937
0.05306846343771213
0.05873790238331367
0.05201440600922524
0.058017822540191444
0.05283752392188489
0.05456129381579558
0.055585463198099205
0.05396642261237958
0.0525540103566118
0.060682645008841976
0.05297928414750913
0.062454226699533134
0.06074061427123979
0.05038325988643464
0.05994415141449281
0.055494541508796826
0.05652378975734791
0.05888339731840915
0.04993946435385624
0.052716873399781435
0.057533680289348015
0.05086267896972459
0.058646813021164236
0.05036229963855021
0.06008890966935269
0.05747061970042069
0.06296564426931127
0.06578805579416894
0.05425929762614942
0.06269493375657931
0.05643241362794924
0.056092609875381644
0.05926233069757018
0.052071258208229665
0.057659907948464026
0.0586414919273966
0.05564729891576917
0.05501685719678335
0.0593015026478497
0.05920263257452916
0.052383784248631854
0.05313753855399682
0.04728763057249125
0.05052941878658203
0.06099453225120669
0.05583077169746048
0.05766947498807894
0.04783556479963863
0.05642289601728408
0.051305072583313634
0.05310966410461333
0.055956179177142074
0.05055557235248216
0.052798075852206236
0.051243260142550755
0.06446404945064386
0.06772326847114982
0.0600532830034399
0.05123645855054747
0.05674620603960648
0.055048301572855965
0.054137688041246294
0.05714686673130018
0.05547351403113225
0.05633018814269235
0.05043594428740107
0.059014963732283834
0.05311916032343106
0.059261463423940765
0.06000357431456905
0.0584408540842287
0.05521858449918
0.0566441981395792
0.056866690266097066
0.05803210355044939
0.05797474836761467
0.050296090893780274
0.051647394738351976
0.04949242272456558
0.06492660421546588
0.06278962641046747
0.05260617732246373
0.053705815331713896
0.05373543254394008
0.051291232066118936
0.05305847165666364
0.051451602287838794
0.05024320193120729
0.057760941891738186
0.05815007629065349
0.04967568598948674
0.055159773129971654
0.05752805374239415
0.05629721644743313
0.05602628246969744
0.05672423356289073
0.05616248692978843
0.054660740535305195
0.0594697831145686
0.056900125811962424
0.06331708583358249
0.0551406084787277
0.05742641374030427
0.054097328799362
0.05768374283051344
0.058880345313627916
0.0570788988639697
0.058926894984351746
0.0518858638124766
0.0626561560652135
0.05591092761404525
0.052383896373235074
0.055812673503260156
0.05263054421134257
0.05625113617783427
0.05411059386666693
0.054231102207445474
0.06244096354298563
0.052375577832749515
0.051375639193306594
0.05828282475403285
0.06034277603197552
0.053067142731415516
0.05522964851519646
0.047802301646370324
0.05796986677353743
0.05707755706342141
0.06032783874290999
0.06932494647775911
0.05563561754231159
0.05610630808889709
0.056696508642421574
0.05769788822260125
0.04944757882604336
0.050097921790193144
0.05626880029842596
0.05639659596912225
0.06306821124651833
0.05321536230058882
0.054778982535167414
0.058844043220783536
0.0623060249584205
0.05698621676250241
0.06134496546174887
0.06039481126354531
0.0614537722064415
0.05305970375989546
0.0576725895316622
0.055745482971806266
0.05552026617103365
0.06417008619469015
0.05701962323388671
0.05794415640307762
0.05154370891150847
0.059673177532649786
0.05210635910256314
0.057130468504110465
0.05503135716127872
0.05162281552425156
0.056896272163803586
0.05312303332764714
0.05706516335587821
0.057247650635031275
0.050780732147586605
0.06183602841182619
0.05779450554784489
0.050335034386384904
0.05214798421452997
0.05574697129859487
0.054792032627742626
0.05504217021594286
0.05509614016452815
0.059701498879067005
0.05783628587609655
0.05436373006672511
0.05436346338819476
0.062283201717891645
0.05122181259740046
0.05406496033795065
0.054215308929587994
0.05544923456161996
0.05260929577443221
0.05547189915272156
0.05747982262094865
0.05234267992222158
0.059296489900202684
0.053630886204787204
0.04995632033891525
0.05104051695826911
0.05209141813784754
0.05854932678219029
0.059356358790355446
0.05745125205252407
0.05486286136914259
0.058801661669244824
0.05180466400533078
0.0538114657573351
0.05517052739456631
0.05462268759568815
0.055518136550094827
0.05940034105236009
0.055128753560338736
0.0533736167169991
0.04730649056379661
0.05489407761339862
0.05812553195570217
0.04823905389283027
0.05747603769791567
0.056575989112507157
0.04941761341716301
0.05555639723284912
0.054066111754864324
0.05789493875403423
