0.19979314707371942
0.23200010536899754
0.20611196098133405
0.2020147254660833
0.20106992742459398
0.22082844335262053
0.20895695272248077
0.21073104881268365
0.20581315887258142
0.17976200787247534
0.24259089877005408
0.2367463593231946
0.19293197065414688
0.22322219191764817
0.22483110675882245
0.20008628419946717
0.182721469725052
0.19362330307266803
0.22536379352309724
0.21076263894133945
0.20462227336829528
0.22084346778697408
0.22241995053120717
0.22252626661418617
0.20876694049494746
0.20752154166189485
0.23351787731662627
0.20685418162483757
0.18760643773465746
0.19618826719749904
0.19164341986863065
0.22082868893211527
0.19971101356976306
0.19279894726148314
0.198855852811555
0.20632316157039213
0.2045824396857688
0.17817449904019667
0.18987036260285778
0.23890180218091472
0.20339297415586544
0.18774741730789857
0.21196815414152298
0.19806137937342555
0.23186809390578675
0.213180256029907
0.19132243715938557
0.1961621673204695
0.19136240899735868
0.20250901718712158
0.20548243936723337
0.21425090315689885
0.21043340893484583
0.2101086477665558
0.19768761094631374
0.20135260593776821
0.21500959088103627
0.18579735650745532
0.22512761303667503
0.21802492790757697
0.2212674096489809
0.21334852450333075
0.21962654340592963
0.24793210408672622
0.20643809661970408
0.21191316344093594
0.2458547792407944
0.22024804725656394
0.22652698487274847
0.22257847263099848
0.22369459049343277
0.20095387782222132
0.19390321635068175
0.20400918150988218
0.2049174205825557
0.24299083563640125
0.22674561444429855
0.22173331570347726
0.18405476312518204
0.20565641282270009
0.21369410261640043
0.1961788903331126
0.20204074517576373
0.18883055771209
0.22990486019563378
0.22491827455247404
0.19089858426220416
0.20917498227422585
0.2050920919090413
0.23483636143881084
0.21693119204329833
0.19680850872723113
0.2148354488599034
0.19485640634854462
0.20782000606234305
0.2127921423235148
0.19781787178960258
0.18197171883601185
0.2028877674326077
0.19450027083395072
0.20654590620054933
0.210492054454362
0.21116936526690097
0.2042693912069808
0.19352877558886575
0.2147707551040776
0.19401474942966615
0.20377602707829282
0.20610063459364938
0.22649533640670597
0.2013108060048853
0.19969239853455292
0.19586723531979713
0.1978044050339895
0.18685349543217852
0.1959725019906091
0.22353176540745154
0.22615361465686873
0.20129964375267717
0.18827633024634907
0.19877229613678082
0.21530107680299806
0.21878458949896412
0.17517224717307273
0.22319992576498862
0.20812742341009197
0.23047254774471185
0.21617284834117526
0.19707518667257318
0.2136336183078629
0.22121054740497584
0.21907079303132831
0.2134538463598119
0.2250831311760885
0.1942597463273296
0.20465373074512172
0.23328007328099828
0.23304866542809122
0.2170356647988774
0.2073098818150811
0.2175492890636224
0.21827716108644382
0.2183096233511469
0.2154803841655712
0.2006265381168896
0.21790382863775448
0.18888585558667273
0.2447691321838647
