0.436346214145045
0.4352861435174305
0.4039696920066317
0.393232220295219
0.41260786446668196
0.41570249167683393
0.43848482544863954
0.4027390258420027
0.41052458875159337
0.3977598318436564
0.42795483532114353
0.4382028103959392
0.4082051940622371
0.4185001207366348
0.40138240505677736
0.39997438365601656
0.4131897336215635
0.4244888208642008
0.42383253710661073
0.40771742945147604
0.4080823617168985
0.41363673041406557
0.39596952551928233
0.4251406810211762
0.41786759052637024
0.4149613388000617
0.42588619292513563
0.4110270918627812
0.41398367235749767
0.4147842946365632
0.4093201393502941
0.4192171140298111
0.41932037498215635
0.444606687856572
0.429705728490573
0.42159744738174965
0.4144382912413622
0.4311929687320877
0.4119165440656811
0.4056183228176842
0.395504155468533
0.4212450621416579
0.4223558392090254
0.40887564614299166
0.4117188963610161
0.422682775767921
0.4129093121504859
0.42412571784949904
0.4184401423044122
0.4113966495122199
