0.03599202082697786
0.03624824489832207
0.04454662799971658
0.040697708525069064
0.04387618884225247
0.0413159950891756
0.040342622833353235
0.039486152631442624
0.03746770429494348
0.04311058673679014
0.04333103863712608
0.04351199306519959
0.040794381990173746
0.042767892254592536
0.04415409286042063
0.043438466087274606
0.046210200858155304
0.04436178580317971
0.03811394993133092
0.041021521888652046
0.04271700059607213
0.04062256207629275
0.03942123921719485
0.04467415714648666
0.03414975521415613
0.04052535238743474
0.04321017070156927
0.03685488421314005
0.04300308219942167
0.044633393315660894
0.03999072994610969
0.04688541611379094
0.04379317233190932
0.04119360015868665
0.04390593156031287
0.04419246508182084
0.04738033425467961
0.04042525478780135
0.04292631977295457
0.04983510815420857
0.041059776076593835
0.04178608913442929
0.03857995110274885
0.043948825378158175
0.043707207856627975
0.04073535081264424
0.04382365391743861
0.040489337931857106
0.047880959742814755
0.03765583138046793
0.0399374621845385
0.04141678905520564
0.042884674676175225
0.04601746683463603
0.0461589903150508
0.039656387050843594
0.039667840525476096
0.03992720499018731
0.038358070526351755
0.041377868928518635
0.04339784578879119
0.04412356332447416
0.040047019941027315
0.041600773505010125
0.043030355185685494
0.03898235536022469
0.04752705026878118
0.03800852328341591
0.03701072199513021
0.04134516954604521
0.03804056497756392
0.04064713469874391
0.0382986011381638
0.04094152805990916
0.040317906170504327
0.04043556357627381
0.038004307064474004
0.03742370905245707
0.0432610236633559
0.04735764074854046
0.042864484982222846
0.038334591600994374
0.04236576325203828
0.04100664187389725
0.047952758625561955
0.04349059448463549
0.0379138319558092
0.04094358692104606
0.04008367683491429
0.04028362453640625
0.03403049216808995
0.040839111505778194
0.04329554841626077
0.0426413838258145
0.047960818400903237
0.040187796022335076
0.04269950216199845
0.04079440674296848
0.046718034751793314
0.040549678330080496
0.04290008566434608
0.040168987811497345
0.03874259721490148
0.041412918609604506
0.041699620191477604
0.039866465448211555
0.04148237511225261
0.04194870432795142
0.04721981386820517
0.03946111896790398
0.0403801918051613
0.0448799755363666
0.041223252521537
0.04286804222459978
0.04443891250402203
0.043463786579529824
0.0392817200830541
0.04178364629478892
0.03776930433178563
0.0402409736396271
0.041149792874321064
0.03630744762969357
0.040779439010401576
0.04134459804993071
0.04221868010607068
0.04312428713801296
0.045961267258751375
0.04282127015645415
0.04340470059245149
0.04283787376672422
0.0416232726906469
0.04359785534543903
0.04359419891105972
0.042059915228149974
0.03945801070165317
0.04247024203631895
0.034138075399597484
0.039723088671036064
0.03627134106890708
0.03919734706501231
0.04072247521717941
0.04108070429389841
0.042085389781836964
0.04208171642382354
0.04106101202173477
0.037371637448594584
0.03334031934729751
0.04008192490362717
0.04169178020583672
0.037689675165553355
0.04353644562321165
0.036191238648647185
0.040688114863568214
0.038223956860550745
0.04512850173132847
0.043447395852305136
0.042479695532460934
0.04180882612434857
0.043713127133108855
0.04172431556281254
0.04247447992531647
0.04234800474815415
0.04339063907179934
0.04503017399291252
0.04273764267476736
0.03992723268480518
0.0414354005353232
0.04696744491191339
0.04629456923250359
0.04258890584330288
0.04332740010369093
0.04636387666115297
0.04253823070790986
0.03773190144682985
0.03486288970894293
0.04597969492734251
0.04530532399253388
0.04440113479988554
0.04199432145357036
0.041401873949380386
0.047255835754294824
0.03740862119770554
0.03841397814181505
0.0383782520048112
0.04001151504103291
0.039495999253934995
0.039544774947580665
0.045805181390392136
0.04016177564969894
0.046074822678918964
0.042306874929776084
0.03949098945398987
0.041889360711608106
0.038255164842693146
0.043533790267747466
0.04032108019528095
0.04415732531548315
0.0389653296081201
0.04481305305399928
0.037432189185101376
0.04642786170182262
0.04073189895310861
0.04526016094267561
0.044836641475803844
0.041496671017862356
0.03749086381860707
0.0374630310042744
0.03764360860670422
0.04624763789670396
0.04207715527255914
0.035719199778779964
0.03942381059731588
0.041076650274108034
0.04522959655170098
0.04144555275376888
0.04310081578723384
0.03959191673401847
0.040198749400528866
0.037810693632368386
0.04221726948476544
0.04352475977612812
0.04105389695075473
0.04187282517494623
0.03820851045636573
0.04021479794258084
0.041761582996045946
0.03925929863643205
0.03872440601559674
0.047204355643716556
0.041557387544264655
0.04112245189050554
0.04380607917337102
0.04505570557253577
0.037936012882523754
0.03914541310411778
0.04084338297602926
0.04497789828786608
0.04388817591161569
0.04408654830162277
0.04486330102488182
0.038812653434933966
0.039728213770424646
0.04473221447377682
0.041111133971444364
0.03638274843785666
0.04459919476482355
0.04215472177127822
0.044133433649205925
0.03940042680406122
0.04538893840757055
0.046577174164356167
0.036120214522004514
0.043852354845625996
0.04500772519249494
0.04884689767622149
0.04199044242286163
0.042337580229607284
0.03524721572056251
0.041250215021602796
0.03948301382773934
0.041904647015194314
0.04161138991157031
0.04938206662061475
0.04288350821569338
0.043342205046824345
0.041673998243111327
0.0414384044615349
0.041814173859816034
0.04186671711881445
0.040433602124376196
0.04264065777035512
0.03642340707850735
0.0426945914816315
0.043011409269720385
0.042897120664208616
0.04459832795733518
0.04214988916843367
0.03917031914896143
0.04095589308478338
0.042747583070329255
0.04534148399025981
0.037187600469428615
0.04145773991189799
0.04116310325592167
0.040467199814956986
0.03619271760556785
0.03918154990583389
0.04343923295067498
0.04096578337921073
0.03881717170732145
0.04255044309635423
0.04205025969096596
0.0402454610254199
0.0423339055253723
0.03769658671881189
0.03961829321614005
0.042404645328890635
0.040702641681468775
0.044694052089841986
0.041813084512461955
0.045361034602397016
0.04352752492420677
0.04336135702293859
0.04132933290004303
0.03940623874724679
0.04594359315013662
0.03588390435297015
0.03961579577754719
0.04033472140170488
0.04494118171277023
0.044150638573103154
0.044084085317758766
0.042814284386583946
0.036491030469405814
0.044675098860498114
0.04286260810754129
0.0463501248063244
0.04155967988078828
0.042757062184277855
0.040231812605611594
0.03877920696091678
0.034970389765787785
0.04448425736553418
0.037518584521913
0.041236626076001814
0.04460724393351029
0.03749814700529896
0.0409359929896209
0.04469476294133301
0.04076391159832156
0.041918848507000346
0.04844721316600726
0.044046254750549
0.04627280619661178
0.04543652176655542
0.0408966307092669
0.039805321444898706
0.03646243807722385
0.043815336535355985
0.033826773264440814
0.040960583479102294
0.0423563652290386
0.03840622108465368
0.036698755080010415
0.044126246923278815
0.043534436311613266
0.03901085058600302
0.04160550794433675
0.04019395157179815
0.042228827133831144
0.04655549199147572
0.04112600925415791
0.03903234848947932
0.03885350057458936
0.04113578756227753
0.0435098560238157
0.041175153691674495
0.04136822763940245
0.04279773909618143
0.03833252599417847
0.04215327762245579
0.04126761935271134
0.038973736672992344
0.042007373005644694
0.03949033599371887
0.041811503108272065
0.044496945626444816
0.039401614122762114
0.037456040022168506
0.04241315960753809
0.04587472760187666
0.04122716654779424
0.04480814894816831
0.04416893929591424
0.042786811050229974
0.038808637220367925
0.05348969155094892
0.045453455953354475
0.036941880290169135
0.04122961349620937
0.0428022863806018
0.044098743624601866
0.03995306087526842
0.04478669004939775
0.03889591108190416
0.04084211319766837
0.04016829276082944
0.04406004117490966
0.03262053705013159
0.03719347750638008
0.04128488074247571
0.04224843509248103
0.041862241871742756
0.04487033599541974
0.04083509980284362
0.04751454358644878
0.039967417444811415
0.04262902541932817
0.041832068507569604
0.044627044575240686
0.036233214183766904
0.04161152966297777
0.042456363649887405
0.04201448293879366
0.04187160564845726
0.03931020121333404
0.040682080836531895
0.047049070037239744
0.043098497084361045
0.04003613347850205
0.04491567900166046
0.0380712018347117
0.04100922326467753
0.04039868860207889
0.04001646218172936
0.0414355192654898
0.03592722759992739
0.039374095406617474
0.042895524130037756
0.04104012537476819
0.04312712490989952
0.04158364350859529
0.04120240918661693
0.03696654505161405
0.03762517904557626
0.04086926133629504
0.04482657247203406
0.04397528396629923
0.04059845307451496
0.039780984377350705
0.03776399561789731
0.04021446692630434
0.04125308937891077
0.040153965421661726
0.03941961708448161
0.0396724981902139
0.03999217891219587
0.038136981233687944
0.0411680116823004
0.039985302083159695
0.04453936980886738
0.04430733589454803
0.04148629210408444
0.03754055100511323
0.04400143941782517
0.04233988839775066
0.04509782048773104
0.03892399401396687
0.0411082267606389
0.038372190332397624
0.04376323228657384
0.046254514879265116
0.03834013724761462
0.04645857302594322
0.04077402569733295
0.04042789114678271
0.03842099276221688
0.0393255355517158
0.041347049315968436
0.04006762160503058
0.03845162196612364
0.04303120801136174
0.04059096176214098
0.038986209866402534
0.04933104398785417
0.039926078962544125
0.04377629926709688
0.038752556721415206
0.04031576945993038
0.04572875465236848
0.03955138412559336
0.03995942192636903
0.047521309587355065
0.04478174910471808
0.0411350866193925
0.03947837154425088
0.04119532892495499
0.042980346622912294
0.043613488453515856
0.04044939138674636
0.04336062232591303
0.03784771421165715
0.04655868570107941
0.041160698009580304
0.04249918831428204
0.041851243591072486
0.04168325979798738
0.042040550766555496
0.04392832209790413
0.03988922479482881
0.04457865327408854
0.04304814133040509
0.04497257825808447
0.047822580212223326
0.04667552794500352
0.04680920672941738
0.04224005769493942
0.04736265549811833
0.04170542560929334
0.04198186343994166
0.04026187769125499
0.044427158848120596
0.04724725005710297
0.0382332240493588
0.04576135539926782
0.03703054673740553
0.04323588277572071
0.036858101567977426
0.04219541266212218
0.03961789573682836
0.0458727584951248
0.03922155838599337
0.034885804236232616
0.046524743685458815
0.04504702958443886
0.045296342778246984
0.044171332354062544
0.0422389783870949
0.041178123829545256
0.04856049932585393
0.03665455152929553
0.040647750293633184
0.04320761227389994
0.04086610419416047
0.04138853260939413
0.043353300115677486
0.04051658417502495
0.04152376721135624
0.03864881416830485
0.04115709230144148
0.048742062284431995
0.049962901332032746
0.03959121862109441
0.04075624933920608
0.04254715926349945
0.04048689669694341
0.04454677573227855
0.04561623411228993
0.04130276638436044
0.035280989810303254
0.04325908082680598
0.044807643338162964
0.043370860286636344
0.04280879253838066
0.041475144264359186
0.04405669736599066
0.03812043216164966
0.044805849846657114
0.04593602587806799
0.038661972437143956
0.04329181778101429
0.03502733606103902
0.0427734119771776
0.040653814514794245
0.038665571587398515
0.04106670075166221
0.041122204616303865
0.040320275473559375
0.04465198675360625
0.04333956547570324
0.044065962359509284
0.03773371458092242
0.03675365044210139
0.042529293921347744
0.045551527178040487
0.0470341147806721
0.041210921049478204
0.038294450305570535
0.04225525238896353
0.0397920988769738
0.03910008653419027
0.04203338298080325
0.04331004544706957
0.046601272123211857
0.042436401104423566
0.03553579994040319
0.04178290804205972
0.03905486227612528
0.039501289926056414
0.04558683885994469
0.04418774030380064
0.03708089032566477
0.038346286505488936
0.04431783491049373
0.04063222940005744
0.04321310355905553
0.04384148844287665
0.03880248941801256
0.04298304522415492
0.04057516761842635
0.04177374670076461
0.0378463648937759
0.040889612494288484
0.0388888169468828
0.0372605054931546
0.04097121776780113
0.040875118465182825
0.04135340949691908
0.03715410412305573
0.05032456483968872
0.03983939496425592
0.03695390386797953
0.039171483806721884
0.03959938596586198
0.04244952194855159
0.03873454563381529
0.03656793081473097
0.039670155480343965
0.037229267036227615
0.04217420912445505
0.04715075983190218
0.043034942675330964
0.040990260511366616
0.03926827636557846
0.04025523682239964
0.04287390097983916
0.04337898333103112
0.043811089278997316
0.03578299945352228
0.04228195038552258
0.04590660852772089
0.041622328708444914
0.04223145365353503
0.040492650900359875
0.03977236746560266
0.03921017113859307
0.043183904771253764
0.03757718538515746
0.04506800274991747
0.04161362892441048
0.043856661030031316
0.04261911898868675
0.043380416322333984
0.040532762381030804
0.04170325634328037
0.03863445044566561
0.03966504670208451
0.04371930683150822
0.03744354092004869
0.04423996649412402
0.04084924406698064
0.03833792939290561
0.042390457942219656
0.04787845851581551
0.0398923702676575
0.04386506989854752
0.037950953897920955
0.04158435162323713
0.04356833194131923
0.04330217411094054
0.042670328288791096
0.041763732045760664
0.04121123279232961
0.04451956872235769
0.043616559267966294
0.03927513150681079
0.03941586016063866
0.03672156522685327
0.03831126506075634
0.04001046809838499
0.03867300004448225
0.04465053319578601
0.03677153525355152
0.039965726404502674
0.047225760917635855
0.03972903141628649
0.04063973763717968
0.04104858909648556
0.040083444239785423
0.04114983137360469
0.04345264157094334
0.041694255288225575
0.039272042738653
0.03573994080388274
0.04642662337229012
0.04441592116534139
0.042029610796816996
0.04476187480767749
0.043758249253583015
0.04363683729535751
0.03833604482427291
0.03788314444255775
0.042574431634684516
0.03953647374725278
0.046968782734916205
0.04031216164232319
0.042338310162294876
0.035096549091545054
0.04168779811654076
0.04266506318849224
0.03810824046586277
0.038917974742171284
0.03915457232646077
0.04338989667799069
0.04105531868214712
0.04284409519709243
0.04232671147326528
0.03975677325287961
0.047586228834352366
0.04544523895888233
0.04430963607659123
0.04365143478318714
0.041416197298513
0.04145155564268862
0.04449261890787511
0.038604462927755774
0.04464167086191992
0.03519283982174329
0.04701912639068269
0.04014533843196659
0.046913485705117636
0.03909474801547276
0.04373242920377834
0.04247584894005286
0.04572748889665491
0.03982699825934105
0.04628528181696765
0.038640869718005885
0.04156268672571514
0.035512997782348066
0.038839793251172525
0.03981188895095784
0.04032925595206962
0.04331576488510109
0.04328161843057387
0.042158168508108246
0.036375868156601425
0.037984889740519064
0.04071677623023788
0.04090508422019866
0.03882008139904883
0.039725278750293
0.043226915774848745
0.038859810581639065
0.04113589289797346
0.03905540055534857
0.0444014355121999
0.04683364508784507
0.04401033739182367
0.04728849562796768
0.03968654891649294
0.038375165463271514
0.04275141682732283
0.04292044395533139
0.03932592064204982
0.039640143422402616
0.04029072049639126
0.0431696391826199
0.04018948001205445
0.04370279501888035
0.04065634051152301
0.040126104630371626
0.04284905054985757
0.04469644251756563
0.04346449515438508
0.04403143666404958
0.04575218327960556
0.043443094013509834
0.04087004109698228
0.044847044805055705
0.03905340638256348
0.04323844527361871
0.04163745819120322
0.043894435830652584
0.040207418161267015
0.04117896406052296
0.039199167184297036
0.03755493967224993
0.03388310180755525
0.049910889424882046
0.046387660314785535
0.039301617539563266
0.03627318639016721
0.04346806848369397
0.03753065552553835
0.039417848129237425
0.042713647193804716
0.038577699766024126
0.04190133727337525
0.038906612274331565
0.041267553970119476
0.043044320931485344
0.042481500202802634
0.040613035156475234
0.03942162398687742
0.040520431907193594
0.04526096605095972
0.04063478094405127
0.04348362226052813
0.041835190787965076
0.04153566521116318
0.042611408996413046
0.04110384746841191
0.040142005975126266
0.040252910166327635
0.04700730652322363
0.04390883014037172
0.04465381097763384
0.03988050966469018
0.043708566387522296
0.04116398347069662
0.03874140389698368
0.041493668560774494
0.04184020087300724
0.04426154518637304
0.041633194603246014
0.042212276357804515
0.04264186929644438
0.03771713617126807
0.046391333908495654
0.04440471447573145
0.039237405575991036
0.03974399995252952
0.040798027813116276
0.04150993358114647
0.04039707730922601
0.04448537842571113
0.03731905366130377
0.04097984780647039
0.04523743637884309
0.042638763150184784
0.0385570597789183
0.03957702877438351
0.03973641262458841
0.04218790729820285
0.04406530997773643
0.04278709408110444
0.043279031756919724
0.04244894129202748
0.03977148189610034
0.042986789019464594
0.04504082094224486
0.040132131897630645
0.04499507968313082
0.047331828689530085
0.04969911195330497
0.04449944075387521
0.039316873199923066
0.04146297997672718
0.04679332828495717
0.03967258297036551
0.037144567444784116
0.037036811498714996
0.03960521088242331
0.04500666617494062
0.03785782748918791
0.05123834327891472
0.04012213044197779
0.03956393561891673
0.04459811946357149
0.04550438229048268
0.03930882238392769
0.04775418625441489
0.0433462679386912
0.03817309855030544
0.05036390489191035
0.04481305462198179
0.047767169131088846
0.040822919507281764
0.04543647033034176
0.0397631638960047
0.04636032868598249
0.040323265771171464
0.04209836695614286
0.04723557723302292
0.0448427455164574
0.04533701580433899
0.040824784118449316
0.03990721590759222
0.04223667724480493
0.0407210322455785
0.041443058490604014
0.03959024772506837
0.039453526342113035
0.0437349063616648
0.03994981895480578
0.042466200429526
0.03750424749602644
0.0452749000874519
0.04310385841838069
0.04013752808179106
0.03730020881292148
0.04614554684596442
0.04403741201800585
0.04594485923254069
0.038774012689773374
0.03939078873017479
0.04581647998093104
0.040261348923554575
0.04109074974487157
0.04212728308066744
0.043479992219176894
0.03988828866716176
0.046920782474858244
0.04360206348618249
0.042635150350133696
0.04185130273776849
0.03914125054863689
0.045853844055404804
0.044440909832724175
0.03846769955684067
0.03977019080147784
0.040693495567666105
0.046346185525007966
0.038077962566712815
0.03833868991052441
0.04320562774751579
0.04200939077029034
0.03996553940252852
0.04351722803717621
0.04662231991364024
0.038188902993429114
0.04384534176183934
0.03626283306276491
0.037099997094678656
0.04166408425934151
0.043251531351320406
0.04133257917337687
0.043239807903760266
0.04284055363058087
0.04426244592678813
0.03970416549320817
0.03816290391474922
0.04624951031960336
0.03937528070004646
0.03919035039061782
0.04117611695943196
0.041325943572410324
0.042916114292515885
0.041970970706743174
0.045589514704570316
0.040016545216121815
0.040297388725289235
0.039379490178889684
0.03414976615931664
0.04055380020305165
0.04203619968244311
0.043690784885875474
0.038242066621796765
0.040999603683021635
0.047987847287449766
0.039656500256451184
0.038933794374852365
0.04492681881446515
0.04255328323387403
0.03966195982548015
0.046068427589852946
