8.05961665041365
7.38077799540815
21.04427152018474
15.882543824207538
19.410496005107813
32.10905611757953
12.66069160206143
23.734777053591902
20.47437634461052
10.184012635206658
14.04685472276756
18.409720255479435
17.05434032928553
22.995683495166507
42.46640849397496
15.86588777935996
30.97937955645274
17.30773985232083
12.224791020464293
13.49320287720476
24.317408424320032
16.718986589608644
15.919638916336638
44.267415390158625
28.080760157782116
10.65366714116407
16.497640049259143
26.445153847156995
7.6138006365311135
25.399590295319186
17.674486533706784
9.955416561622412
13.892797652731712
6.234563308694635
12.008180541868429
19.262956794754587
29.929070783971873
11.252453779509686
27.950125573044712
41.55270066734433
44.83591546912039
21.503519189417798
10.394461802716298
11.39411166759235
17.270130893904934
10.395601989952008
16.012224270267744
7.890912873648548
9.369919195700822
10.823877204246946
