6.28567729212
5.586788029323561
19.072781631230644
13.90389226200459
17.485376429678574
30.21323334391448
10.787008800991368
21.731864440031988
18.556492717033453
8.315876683524676
12.170177326422719
16.57424867263773
15.11625271682791
21.04554144015664
40.46578836267302
13.934456466472545
28.980955666047684
15.46818350909367
10.298895204328428
11.58019981120344
22.31672974874305
14.816271084038737
13.959870923830453
42.26803737308664
26.131005281027434
8.764837241241874
14.576995064118226
24.44925138859156
5.770173353566915
23.46471791058526
15.727161851210619
8.086016341320162
11.953323029664727
4.475863741025176
10.129002212095266
17.328630242930295
27.941920780030323
9.449092183958625
25.98896133618362
39.554266238635975
42.83275279809671
19.566423281580537
8.506711616434947
9.490067823954309
15.367784182314114
8.5437672059657
14.140580266554919
6.126637927293435
7.469448544312772
8.905404027112722
