8.784575708967523
9.251884229856993
8.468601136345267
9.146408748261445
8.81863766206491
8.75061040292639
9.2267133309917
13.080853287734671
9.902690819240766
9.518861109334281
9.422663565799265
8.876892859469299
9.639761797504711
7.442485244281893
9.18676702313808
10.033254226458324
8.14944130112729
8.323450982316585
8.638546713120697
9.914652703230713
7.612710973161383
7.510930518823628
9.78681877778758
7.505575613001785
10.144215625100125
11.154365463593283
10.236943157761754
7.653332507972033
8.036509997195338
10.60559170571421
8.185848503325685
11.683981634409752
8.795582021643959
7.952230073017469
9.640041564284589
7.4803910816597625
9.681946759234222
8.384868535767767
9.966893766173275
9.42983645423725
10.720556658239826
10.089823477274825
9.497082094748059
8.486435572558126
9.38397136258362
8.765801535376008
7.621680880359018
7.481975349410156
9.987405102904972
8.977189630547294
7.173401373186252
8.73544805355686
9.952781365133262
8.287557669573559
8.361844104227599
10.015054910469736
8.389397841964986
8.668682185253246
10.170044583735987
8.71563147672999
8.237742964763397
9.171673630418535
10.358662137092464
10.478472750408974
11.114918610767573
9.727310298562406
9.257252095382064
8.847938224025203
8.279919573537578
10.52241559210288
9.709882065365132
8.688107632515264
9.814944665770183
9.35383147031998
9.52976482657273
8.13917705735295
10.470910564048731
9.028507003255177
11.186488428482578
9.403364899660328
19.79994926397711
10.340689806474074
9.63845052427661
7.521542097171832
10.162422863370448
11.38974558132529
8.177644297379816
10.855348978139897
9.449325899060737
10.786067870092257
11.35640992049327
12.36201428430764
9.251862711122447
8.565000683034194
10.186511508032961
9.625270846973628
11.60236115218492
10.635045257822387
10.11976985317017
8.90818807178606
8.70690536808322
11.96911438054534
10.083803625934184
7.906519734048888
9.01820927586879
8.612064033489002
8.22229018786727
8.668373239170387
8.293138752741529
8.42625807427788
7.751529572558241
10.153614487559691
9.002537967147635
7.905587485950855
9.431538392025978
9.158253497863631
7.837115402180939
11.048833671561155
8.842616203921539
10.086616036655947
8.778338222867031
8.920892047846825
8.806747782166884
11.919510514511387
9.435608988643331
9.515972212541744
9.238194081930308
8.730689630989739
7.3811207416959945
7.073722331647496
10.929605441165682
9.48514861633946
11.001577029724505
10.811922331180398
11.103183369350592
9.935132622959676
9.04762402083918
8.447924776694338
9.963382296182546
6.770113613002197
9.821864977065664
12.893857400822306
11.329332605880495
8.364406343931352
7.791936710610616
10.773731863759922
8.552884938052081
8.413903376910953
9.776247846488028
10.38532532708186
10.824871404136845
8.684359435416706
9.797918844105318
9.818749129579425
7.740659453637885
10.321464432467975
9.10583553461171
10.25763758071149
8.36421782022901
10.027774010813793
7.697529649656639
9.080450345647412
9.625073600885038
9.562399622521912
8.496939090404684
7.273474684505465
8.367747759668251
9.924815142813875
11.314233817344128
8.861966070244739
9.37586271175989
8.475375081606312
10.074560379921913
9.332080761009857
8.745158285735632
9.513366289300071
9.731961701819209
8.075276477074091
8.338372938988066
9.106406799258439
11.468136062227646
8.780311551275954
9.278606729756522
10.420275470210404
7.746099273880739
8.717729252301277
8.105763729113754
10.684982504749161
7.817130408176862
10.874274298431578
8.567734031946184
10.24844290621938
8.8666277658505
7.640821016409876
7.601292275270699
10.372862286350589
7.299227441172282
8.952968959965785
8.762744146088291
9.15490727335742
9.725330250366332
8.717235528752205
8.231129774778566
9.84123659327313
8.50773566227534
13.185093093404243
8.929280473907355
9.405370739381858
10.450927269056635
8.128235292262444
9.106900466930423
8.512928658597387
9.664587847174834
7.353952703765145
9.342372211561559
10.263397417131484
12.010739256178079
11.446837594267263
11.296138159104723
8.988292620297694
8.637817271387409
9.080852431049971
9.152838551705408
8.948815824581423
9.716109372399004
7.8294179791037894
8.490638162209738
13.841282624861481
11.267079529164505
8.49700131844683
9.71416158025514
10.385276071954888
8.028188850556557
8.263840194101075
8.4805238882122
8.67963910899263
8.42340527649595
7.793971220028813
8.24642998323869
9.279414085410709
10.150113799553344
10.447497546982962
8.798274282875532
11.298039556743143
11.967590341433555
12.382214346524826
8.374310366671434
8.28533260224845
10.810140094398722
8.964517140495875
9.112866980647466
9.601519812984538
9.301231807083894
8.17751124851811
8.914933575049208
8.74462181045288
8.781338605208717
9.72708069916347
9.469343879881533
9.389818802572144
8.88093214294279
10.973355363805977
10.169544391689657
9.316705445681867
10.462850502266985
8.188773681308986
7.962528433629777
6.978054581121006
9.588596857787282
7.842588596028622
7.102859943213901
11.584256102824366
8.659609513467178
8.769054770819196
8.385253169157101
9.052859121800841
8.061242116058486
9.858511543704052
9.38229567566945
8.804630850497317
10.553779399957692
9.818359469466566
8.088269638434365
8.45964698599392
9.630238044475387
8.045795650979256
11.942521777967611
9.405349536044678
8.528679382988486
8.724900524038068
8.986126192771147
11.365846252905987
8.444529686392379
7.9619801706975295
8.82055466246388
7.9335200360153735
9.250623338343576
8.344644424674419
9.442006375777725
11.253504283709539
8.163545519770036
7.67102938495811
10.011139644122565
8.998672520088338
10.110714056266824
8.578776934600592
8.837757432595724
8.291313089559859
9.648256607663448
10.636791305088945
8.851960264735668
9.49723840238092
14.728360041829337
9.238212935375971
8.761729370415887
9.624816351737861
8.307155220119732
8.179372053352166
8.302376452201049
10.464883329152016
9.418589088260891
8.696891185959299
9.362624513603462
10.430684954181949
10.858897151856468
7.993530401369222
9.649928126355258
9.424122790240986
8.279589668297755
8.87809033310223
10.117037440118727
8.801746014055064
8.349097092308122
8.327705989657407
15.072895403598206
8.750138670551667
10.679807684857783
11.244961910059343
10.132137843600699
7.82349014761917
9.805106545866684
8.537661608533682
8.020209896884046
8.73704316134216
7.5672354763589835
8.413072158403732
10.037745448325083
9.59615808095452
10.173677334303253
8.383182213939849
8.75872599464233
7.985381433307194
8.71828368368649
8.21314773373618
8.021346470526916
8.249499001247443
8.36616792976318
8.905324024294499
7.247740858857675
8.901177641751554
7.600040984761462
9.890826259221233
9.072876745499801
8.97207357851568
10.612411373210387
7.9616590119318715
7.915368991199835
9.3843708191995
9.271648677366933
9.455981475427226
10.30482440355316
9.642436669482093
8.939476704070978
8.080381578423836
8.802924626607558
9.884596760678301
10.177433069814203
11.006416478582873
9.907375487660573
8.977991958757734
11.3428913887026
7.982892933795627
12.699425706218292
9.886277995826537
10.366318896872436
8.41867617558043
8.964543112021014
10.312137043114763
8.753578466933778
8.68846821918986
8.334571806768
9.485461838011272
10.17121457345579
10.233997386228054
10.673096773955573
9.91952731171136
10.478082135166714
10.61537388552237
9.13181029932273
9.840098363820946
8.781260862906148
10.821482710718836
9.601813662366885
10.114847046349528
11.036595047563523
7.8479559237303445
8.545011063926605
10.032488868418408
8.282455412859044
13.604803335976229
9.093515015442348
7.482257473135951
8.546488697356747
10.253595910139778
10.079108285424917
9.469618720522414
7.395676762959001
8.67088832626077
9.627894967358795
12.58253243805171
10.278839650921823
9.16790221981662
9.247721727515229
8.64110099535081
12.593964328092836
8.989288038455992
8.429288635081228
10.679290669090292
10.434876824183325
10.2909673528543
7.922808263236728
9.722904698755487
10.511716217510527
9.845581981123836
9.762503396952969
7.762818294110604
9.655543227044708
8.620487072416493
9.316938034895227
9.623583494619366
9.074911495831625
9.011967790389043
9.692576437196811
8.765125982368845
9.609024143391313
8.01242373415426
8.89538673820196
8.161193511980448
10.549398226012439
9.460261997249903
8.034547698625811
10.034456205241199
8.602950026124018
7.796815606904404
8.65777986726306
9.141088598436133
10.084214322747581
11.359154612198488
9.644759866597568
9.670243962148708
9.241444300883416
9.035259236805468
9.428248258672337
9.733529446310406
11.422042875588778
10.378069782967582
9.085258679395734
10.35495792165994
10.661982335778163
10.442394557275954
9.532239239934453
8.35555769833312
10.66795644448543
9.81452295454473
8.409241019968938
8.248813051499514
10.209997251313563
9.342749501760178
8.28843057828068
11.82580865706901
10.043914228484846
9.351325659904603
10.07551731818528
10.547427321132025
9.28687563770582
10.436434365886699
9.002127448788578
10.845057224524714
9.596401608969225
9.364306502096893
10.113346205969888
9.733850824813645
9.994995405861584
9.66628082304002
9.199797568034615
10.529861213891184
8.43516689934466
7.587406581045276
10.384757017943425
7.672055714893922
9.920222263448643
8.930153410706467
7.627585368567071
10.830912510820639
8.434731886078971
9.186119892135235
9.84480124711776
8.67128825078331
10.084635744443474
9.71236827797107
9.58382424157333
8.649946896555345
9.26219817680009
11.88330513002876
7.864315552657854
9.449667388178932
8.508888852531092
8.94725315054798
11.211799196439769
10.083139948767833
10.473658644479572
10.71339328627367
8.185748598501402
7.492265859567085
8.752366101895069
10.142543620298115
9.226823741005704
9.506915031003754
13.629957944197956
8.420787104538473
9.480796123935201
8.046008271077506
9.911494700392112
8.555595405013849
9.593798588166939
9.464264101230901
9.556594110890583
12.370616379796518
10.751160846342247
9.793108943643857
7.133804650441779
8.500388546003482
7.555815202307728
10.690645657392132
10.271693643978844
8.458772108586494
9.807103588049792
9.018460653113873
8.632151568640756
9.24995197735888
9.48560355158477
8.439515683656586
10.607231806829526
8.197398948163908
8.580694097052062
7.694770281439609
9.934775670404274
9.706912439944022
8.466788839018877
8.924629609863164
8.732160099076554
10.44449740904773
11.70049287893992
11.763261556413122
8.461202150109475
8.043433743750628
10.180051823769025
9.565906291981799
9.95686486335268
11.621808085632148
12.47955844876728
9.636093064461837
11.449528073611566
9.051140132785816
9.78620148418085
11.051599971850912
9.447947727974435
9.228209864639062
9.475038356276107
9.718544837340845
8.004551311065395
8.767077642623828
12.203035631068241
7.605247439889944
9.176417745672675
7.696049228103258
9.230580249605723
9.598856091105624
9.134362055364178
9.891127463221212
8.343954546510934
8.88791873719894
9.230983773766058
9.064115339278786
7.058830880164684
8.639656247756479
9.999113825964457
9.738560661475265
9.029314584468288
9.400352362378195
8.437011934890476
9.137015625077236
7.452022801297683
8.876491100818903
10.617853160418788
8.464312229997386
8.711148327703555
9.805553730166372
10.221832443634456
12.984764833423128
7.603768194067601
10.226563158650784
8.854297142794508
7.0315913220295165
8.025853691881098
9.120654631368883
9.766771050450139
7.688761494438414
13.155332166277576
9.720113807424719
9.3330231264389
7.721006829728213
7.161361399206515
9.705539306606159
9.996229376666411
8.297747550714103
7.948993326764965
10.951865655240184
8.637209539028083
7.618975867690358
8.431433056540708
8.926025835344568
9.484432315394569
11.09523631612912
9.39968580296436
7.249184594636405
8.627331354800596
7.8429737525957774
9.520768835936082
8.447057656721713
9.900183870812597
8.416086987069537
9.38909844001544
12.607324182445947
8.767519888848911
8.937886041501633
10.216779928867405
7.410271405799461
9.107425484189381
8.302773000410333
9.307586632018344
10.796970266204148
10.521723928447873
8.740597319225644
9.061237641170152
10.767797954621606
11.534209309376541
8.085727838978165
8.665004325755442
8.532061046511602
13.077267876236903
9.079762737746016
9.900394035857651
8.972515184986113
10.309155981574014
10.281780520311994
9.286048107092528
10.173170193722404
9.08862150318698
9.609095652867806
8.94971246375222
8.424652047368815
9.523151052519001
9.161470023508357
10.131011704653142
8.308841375665319
9.746272243901359
7.8842196583490285
8.92033339827712
9.32586056824689
9.652381838982471
9.242176344962253
9.626523197549098
10.238245965166225
8.570488245735476
8.084098454215061
10.251421544744694
9.436514190621528
10.575940181209141
8.474107193470351
10.576146216893317
9.324891885832129
7.46703817409752
8.702373857477768
12.280513233302164
8.503052078235111
12.58283830467636
8.629167715995214
