12.690946606396842
17.68874408096064
40.104286855434175
28.670904672902623
15.533699597875863
31.146806119367874
63.16704153231551
83.25082610980742
64.79533234683713
20.592846354662104
4.716979320853023
28.471562294283864
20.715229410580466
7.434914401792574
18.781202316395156
36.130141602829646
19.392216713754873
16.59321968874397
7.807758649645392
6.646080229085398
8.20177860215172
5.501572282615894
4.411601416904027
7.265592328433899
6.515645788085732
19.343127602036667
9.732086534181997
36.22985469606639
35.3658115907524
10.991729618882653
8.677897732075824
6.792148477070137
19.748348807034375
21.275708593832526
10.531240768281323
11.470322693523778
11.372884330863927
14.711207646383833
10.209312980284171
11.887584331704181
18.18142699655633
14.241519213203645
7.207190827959498
6.603069879488492
8.301943517905082
26.471035481797834
26.146844673772996
14.562214709061765
22.880820976768803
12.954340745883394
12.450876456009478
8.448547005276268
11.00289301088945
10.129135812624671
10.579963471112526
14.705868677257893
12.86583965089373
8.197549987537833
24.22188014397198
20.98302466788949
8.28124148210335
11.022512831802977
7.894851996036838
6.4094072472261745
7.653065560796648
15.101425994459227
6.055398889825065
6.277318183696365
7.102767423608645
11.738795331308728
24.613622495890624
16.43475731081149
17.287862626617766
13.606346531184542
27.093925923361425
6.205744739838069
7.736402585062601
7.579774435664329
16.501599376159746
14.23911637386082
36.25964475772284
45.215124672553436
35.09305236347139
20.34038886598731
6.69930088472523
10.537263970652157
12.3062129755753
11.880798681577636
10.688580494723098
14.180607683526103
13.102191087776596
22.00771755366536
19.575071450855226
21.108453014293467
20.878594923758495
14.470261633366697
21.689711901255283
23.34199325591491
19.99092318624726
25.10073006678056
36.09680493777842
45.049413625133965
36.23184703526284
37.19789210085606
29.435756048285988
44.893774456357285
34.4252802042429
27.96929290815928
46.50470364915355
61.02339581252505
39.53966724379198
30.834388739133097
32.07869867960847
16.531611474827777
28.195492945622362
6.69191821035761
10.033872488001602
26.626576448025897
25.953906149963483
14.324718827942366
17.334397749929693
21.31272381126922
32.28579836186983
20.62820401828523
22.814138450370933
22.785357437303652
6.665609514666918
12.05488259448142
12.674960664054703
13.904709522105476
5.737845690326406
6.04634719982818
5.607932258007148
12.75587626800501
15.235273577957644
6.736603250872628
7.348686914229081
6.574824617730005
9.422444109169986
7.012344640182879
7.245658664805889
14.905052323771654
9.75449049294906
12.907839173725142
26.02955103889453
10.570158257745144
6.879437109358143
4.930239545635257
