0.22079310998813426
0.6432918203353942
-0.1760336119205496
-0.04794601978298806
0.7121771717494744
0.19717660544024274
-0.7789387857837742
2.212804546832006
0.8302006717762036
0.35294219358864537
0.5818148917518389
-0.20676139823370682
0.5832205354618389
-0.12368707398712746
-0.10558944041782627
1.2024637827580116
-0.04117951973670835
-0.23357341858003705
0.5075471929855108
0.9952471455433429
0.008567526086787586
-0.20783568643401412
0.14668106117774768
-0.24110980610522728
0.6612244833377666
0.42013741323265175
0.6799572501924425
0.20786250274762083
0.06197194328548828
0.0684793032735969
0.22525429392036106
2.10913657372392
0.03578465102280482
-0.0994786161292157
0.5571912288911748
0.14998292989733594
0.1893232870429846
-0.27318745589234206
0.7306720852340182
-0.17045511462690016
0.9563742906381
0.8122736269018493
0.2687279724757231
-0.08242544905774286
0.4196865340663945
0.2037949531170898
-0.04101915192863391
0.06644276488049437
0.20315895942236614
0.15839724443405
0.336441856836817
-0.009852223970032697
0.26117586052421077
0.3241868382466254
-0.16005727676180045
0.08067987737238186
0.4187292765770326
-0.09319012857704702
1.332489297647241
0.5131369008821036
-0.4159958609629533
0.5342830314346687
0.3638336455641587
0.12470640045436779
0.4524336564098027
1.0863937156811874
0.5034451397472182
-0.12617178684701552
-0.12503160343746958
0.28085487865762154
0.7787024214721054
-0.4563509418118049
0.4351500171027328
0.7400495563042448
0.12992169928108205
-0.05896190720372207
0.06462218581531128
0.6995106562652632
1.1186374159913328
0.5075250607289751
8.36830226351933
1.0213621658150873
0.006593568813547126
0.3097427622409736
0.6269706209248932
1.6978685864711383
0.0033496861325849475
0.45365756523104434
0.6977794295143261
0.8052462801128131
0.9155692526532409
2.2740223938820883
0.1340570943753651
-0.1046969885498936
0.9542044048983325
0.3947205083926833
1.8536428474939604
0.3306993024342386
0.4402528113268367
0.2969971479510653
-0.26326862288722963
1.1873486368041049
0.6747477128127503
-0.026695971549590983
0.192124849586667
-0.1611469717027163
0.31440241737368974
-0.12271948837752832
0.13939529815365412
0.3623967820524743
-0.3947999748617607
0.7141094032132583
0.16002965883278109
-0.06572798048286767
0.3056150877311849
0.13341089130348158
-0.047432697125667236
1.0542369019963294
0.25464167822895706
0.8352085499632729
-0.10430156974178643
0.03889019638768598
0.8260382886754761
0.8283649758831508
0.31615501161182846
0.09331819077565362
-0.1421119523744888
0.4349624075110429
0.1917499020128631
-0.5092167320158428
1.1563979857456597
0.030878019457848863
0.4048573002481244
0.42442906519175644
1.0630289986452908
0.06692239079049431
0.4007055071730596
-0.2648445604418568
0.7992668309309336
0.02731941962641373
0.4396742527142039
1.0432098300964505
1.4451469315268015
0.06893005963583126
-0.3264405466032371
1.0468418731010825
0.13733305510403682
-0.05678988598256087
0.5279215588740345
0.13728762821914375
0.5789979086448962
-0.24579151272311442
0.6593266951582052
0.4716793501788714
0.20176261112969182
0.9500340201244579
0.16164614856584333
0.8350201053371092
0.21708753967019123
0.23492712021941176
0.141110811480307
-0.18112504768719584
0.8441485235054144
0.07330548195715252
0.09423370693221782
0.22878183019581766
0.012586527439582986
0.2822600194351485
0.9077632970558518
0.41678498925766333
-0.010736322138203122
0.1222159158186151
0.6558915896175465
0.1791463503139101
0.19721610945306683
0.02116360267572823
0.42074233701707126
0.13542297454801064
0.23247527909661692
-0.2556725577400185
1.1680139805190293
0.09365137249261313
0.3582773521581341
1.0635899733712966
-0.21873425187298168
0.44549966278294967
-0.2534190830668561
0.8399898968111303
-0.23074870956923757
0.6635760106092552
0.173796646904159
0.4435292048867343
0.3146487213559904
-0.035755262436344346
-0.19355067157539604
0.7298617353048372
0.08201418553095392
0.0773687323215755
0.0431224871162118
0.45117486238970406
0.15153041905285633
0.4848817919589105
-0.014180908263391257
0.13248996305359612
0.290462082510983
3.226293037433352
-0.24074884223246035
0.14134442112791337
0.6930188945499497
-0.01226864229377608
0.15777719883827193
0.05892208408771873
-0.08434421871734928
0.14574135939656127
0.009455733760591466
0.2583419256814359
1.5860056821689699
1.269813711682113
1.151202990554338
0.3076444803946269
0.21098142025739045
0.4851859145739105
-0.5943851282332321
0.18489573516361435
0.2708635403028147
0.41070447988420106
0.2527045653706176
1.944967629296421
1.7947635115866016
-0.09001185799397578
0.0192820523543504
0.9539274421202839
0.026069253739010617
-0.1220807768975961
-0.186893537450102
0.6732799747928323
-0.06430689124302287
0.08343468863602425
-0.13065262907706798
0.05587699838755853
-0.3911339972124259
1.9632854713407697
-0.29613148211116985
0.82695461319326
1.4541673446488768
2.445408066884776
0.09142002683329023
-0.19653945871479508
0.8867933352216123
-0.0317559286003075
0.03837586901578187
0.26089050384249474
0.916249372191457
-0.22026148754786856
0.37048610561660905
0.24182473801170537
-0.0682084363475338
-0.020051580908063103
0.1968535091451365
0.9179392818015633
-0.17400242578150688
2.0897389566594424
0.36930143773541285
-0.4081902176347951
1.319937274540429
0.36488398547267303
0.37319689052796523
-0.08594121319842767
0.21490822757941722
-0.07077577460909901
-0.16010079981051326
0.5467227029617061
0.273452728390559
0.2679407137938006
-0.18673803907579248
0.521147056139938
-0.1793789844828888
0.4797844034008988
0.8224573426511813
-0.17382936736435164
0.7480869170350009
0.678016331492085
0.45931713839350996
0.12731079538794496
-0.19009023629341099
0.05561580890506468
1.7181868144082602
0.8291177370039832
-0.027194303768523446
-0.2956060233258537
0.2888869711771313
0.9787103101799391
0.29708211476392715
-0.09994363306527505
-0.04578302072821679
0.31159647006281077
0.21744127017504838
0.04299142225687981
0.1483219908418636
1.0961846846312457
0.2690815457002924
-0.33432500905597984
0.7699596098281435
0.06701430401735513
0.4904735629933254
0.3051557473869918
0.04922805529361587
-0.22534529365863235
0.24195459776693998
0.23104233371995847
0.4056542963588913
0.08535108153083844
3.725081993182345
0.3602422423269126
-0.09944894216392942
0.18086660777012256
0.8164944806222904
-0.4823523398789069
0.410469206329338
0.32264918696039785
0.5759033877932214
0.42109997484090983
-0.029909402061039723
0.6008238510874961
0.4613883648526256
-0.032400253043687106
0.36533671025654335
0.017407939614704705
0.39382185015881166
-0.10311600847284626
0.47267474637559065
0.25479786000088184
-0.37072056122259434
0.0818466248638319
4.565606852331846
0.007392353218034442
0.8794240807922044
0.27997920106388535
0.6994133061969442
0.49544515758641694
-0.00831392616338119
0.258181547186098
0.21070324898775972
-0.35836389974289157
0.32305428249977136
-0.26004726113440485
1.1874195321242473
-0.15820052688431996
1.086125769537652
0.16431632654972966
0.018593472962953828
-0.08662456601621925
-0.1508236716924119
0.08182959559219205
0.386264159501604
0.27458366278093627
-0.13610083792657143
0.315483980289907
-0.07027961705595355
0.06418320456327561
0.16276571975321238
0.6728817017270545
0.4231884779987357
-0.04603951057305452
0.5938488873669744
0.22787380030322868
-0.3323226433992329
0.3275718693597716
0.6350982249927524
0.7575335893976981
0.04807644782446611
0.5595587065840961
-0.11256501175912868
0.4587319978745903
-0.20861021524347703
0.17195321589885135
0.7808192555040969
0.8046601302402098
0.43999767205301404
0.4217326827301732
0.9987697046456622
-0.0129090409265813
1.9403282572144855
0.158019790461035
0.9998847047325244
-0.14899362542230737
0.3129153117459283
-0.0663197849239338
0.35962114503931153
0.18052385929806097
-0.19561627913944568
0.24743041042083996
0.486642081132244
0.3120644680595618
0.8233980280039335
0.4416725704912321
0.5768135751891721
-0.014989940843795622
-0.042175289110432446
0.7307972371330191
0.03163341898978458
0.22274805673444606
0.5486201984448963
0.7419603414845959
1.0963171973068448
0.00322884220578541
0.06251051996235056
0.19369592745328743
-0.20453392694391048
2.834811613929209
0.05662148224303007
-0.15916737578652923
0.32216251566430526
1.7541631461951923
0.36840996506073587
0.28590727225447193
-0.15621855017705757
0.16278386214278887
-0.25641939325597146
2.445304975985579
0.36754670182407106
0.09301425598438777
0.7076644083821798
0.13980451653080328
1.6653836012903163
0.3151934183604114
-0.18146144960814872
0.6708715293649239
0.7871827712254666
0.47278783593365603
0.006741643530345205
-0.1375548214575442
0.47511265643629175
0.4706940422985228
0.16499683864839548
0.28137446206394867
-0.02719624002949652
0.29607980826600605
0.18700408319284373
-0.07053823178494613
0.3075466045222617
0.4658920282050847
0.1333274921226643
0.00640864273889663
0.5162221655818163
-0.12278251083864544
1.075605592356851
-0.23109572355378283
0.6089881885285302
0.04985741620477978
-0.264024915209512
0.4590269720344604
0.2581700594720287
-0.1584807705566809
-0.35209088779008596
0.4886225210960042
0.36672480105790767
1.121522517373741
0.4591001933463054
0.5554059502571973
0.6380758867922528
-0.3917576935832146
0.2860512227927654
-0.17019481200955852
2.233311721355795
0.2847084106791614
0.7414992387979162
0.11186488398629192
0.009354353158657683
1.313993621296083
0.5022202665096333
-0.27533078477414713
0.20217646612800055
0.13750272894806476
0.3858342682781173
-0.026193375452078085
0.6900780894405137
-0.0758163691786799
-0.27307956928843935
2.1511683577141634
0.40762759123556436
-0.10252747438511328
0.49045762724868136
0.8428160691280402
-0.13911602833053624
0.6095718969819136
-0.07169572019167683
0.6431448098911074
1.0527783347523363
0.1962822514096194
0.22778808001848425
0.7453067786715174
0.5399844377745687
-0.03289938967717265
0.21034684426416425
0.46649245021137736
0.20272155498677802
-0.10317121257934524
0.6045065190989022
-0.07250450356879988
0.838983384695065
0.29631956506920676
0.10179504360451824
0.4858694137237692
0.3280794247714357
-0.13567293685923498
0.5584773719643564
0.05476859129042537
0.42598032409968817
0.21701108346932868
0.06421842868776176
0.338386150658939
0.40075287697312817
2.0021479955675185
0.1777730720494939
0.09911020164698801
0.38439982256801297
0.055529996454056076
1.5845350223838723
0.15305860896147577
0.9020336363363006
1.1367747148728093
-0.14258774140181268
0.08024820666130626
0.13962349741329824
0.5575031922666098
0.19133901729833516
0.42058893221187504
2.7679539518927547
0.1418874157012325
0.03704081608522628
0.39235121946549556
0.07458635460573422
-0.1368713230546259
0.3474338289096091
0.582910987341626
0.7542806715568938
1.6587999661817765
1.141314605513315
0.19944361392764987
0.14397863630743082
-0.2634065718060741
0.011615547119835926
1.3190467223490234
0.39493409110806166
0.425769242974409
-0.16021481514764227
0.09197554421407875
0.20248134469680906
0.03842184534683212
0.5462675870647374
-0.4629937158692837
1.6595149777826452
-0.024472820053297532
0.13401069033418692
-0.043708683122354104
0.2932775096841385
0.7438854066279555
-0.28679547676611555
0.47689154094865316
-0.10668366238512905
0.5767006118298731
1.0352528059582504
1.7094277232409636
0.031247921650558164
-0.047740939347555446
0.8752294070090145
0.08098310227074208
0.05854279225117454
1.1937079343660149
2.0646017988954495
-0.06577028114845791
1.5096070841885119
0.48781706445096196
0.12532410001642683
0.8043124984721112
0.06992663165907212
0.2690524119668552
0.4407462026164782
-0.21311451475013005
0.23380615230308252
-0.00890461984158602
1.480699600271375
0.4010515586190787
-0.016378819561043072
-0.15984274960423125
0.23905646684175563
0.5137872932276651
0.21932547094345653
0.6876069806355203
-0.15192341669057594
0.34717633529092495
0.028438723943375325
0.22200372182436295
0.003522273377402598
-0.1875655157186753
0.858552814908737
-0.0965335517860387
-0.12350143147372791
0.2847445685581012
0.3261058014608128
0.27894614998867806
-0.5006611992388103
0.6244091309111999
0.23023449510112629
0.12249760599376469
0.04108137237379524
-0.326380676529479
0.4349654617616098
1.7854382559809137
0.23929800255656483
0.3388539228312889
0.53036446952784
0.016660813425116643
0.20861714524172795
-0.10323078439032543
0.24165915386742337
-0.013780414064950624
2.3444308815819146
0.05151099857996349
0.14049921611909139
0.12919112205440636
-0.2148370717333213
0.2710909925120895
0.151530097457667
0.2007738086624819
-0.27262248643076775
1.0182719516868004
0.9363264867491705
-0.22960005866744673
0.2165358964686839
0.278372503292402
-0.3504007524067511
0.977240270602366
0.6871558744924736
-0.24825308293915654
0.34016979411157894
-0.2993908448487963
0.26822757731630964
-0.2867049276624417
0.5405541719350194
-0.302977676500104
0.8567358666825551
2.058621224539164
0.43292821479439275
0.3691949577465143
0.8292954425825667
-0.038058111959749896
0.3669941082511601
-0.24406983410594343
0.31783535470347535
0.44974634245262946
0.7086670294492851
-0.13190386141296429
0.5094140637992945
0.3996360714471419
1.8281123457944337
-0.09002327441302956
0.24421315778447925
0.17896633613017596
1.5210715140204363
0.585904956405338
0.3761647060236351
0.016271084793334157
0.3759212535487986
1.146370501421894
0.5110879117362963
0.39397169040207763
-0.3229090920315587
0.585435404735645
0.24533425684605192
0.03686516765001435
-0.0769728885202718
0.5346586265917357
0.1810035538209446
-0.42970523421750006
0.8468301002499904
0.11289562058223963
-0.43622725529435025
1.0105959972233693
-0.13773539457177705
0.3076325306095573
0.19628004993372772
0.7571596144520556
-0.029035545017583722
0.16164214943801697
0.1257858756085241
0.21326142417807906
0.7529583570340076
0.003101135347316082
0.8091382271125372
0.19202378782713003
0.21183373780356854
-0.2891375922965783
1.5742423745034577
-0.1104875681847984
3.34310867783483
0.2359192800739834
