8.712052470443876
8.996007190530287
6.8092627688492575
7.356872437861632
7.700701498101779
6.473254380387651
8.49014807518433
7.033151811068734
8.49197228900259
6.5784011003677945
6.863917776555264
6.930947163241546
7.065519218940572
7.49214358782771
7.767568254073932
6.506986198839057
7.087690790406263
7.08344506280144
8.083348539979928
7.741573476838148
6.222058872205056
6.931697361342877
7.684580540492989
7.182522096037922
8.985682176955969
8.044735615536863
7.030593929422274
8.72350718291789
7.196887811362916
7.045948081419473
7.178473082554758
6.011957807942484
5.874825296369081
7.624022752090091
6.467561381139214
6.943019553182572
7.538264111349415
7.259947562979305
7.316339341280336
6.721471595679145
7.2165626863659105
7.020218397985057
7.599848180892899
7.6096893348085555
7.281194500771721
6.6561475493932205
6.652920052188343
7.827625087717396
6.336254299664875
8.03658713937356
7.852295884559719
9.202228780398455
7.518990776287545
6.719111554827554
6.315326666659994
7.094606533928557
7.674067138219936
8.000592597753476
8.010902682836324
7.072332341099753
6.457281558725936
7.141430548999441
8.412421817632596
7.853411496451128
6.4409650712324575
7.487774310148112
5.891805075954061
8.888725240625373
9.233121620842333
7.7885207747523495
9.248001105619261
7.664662520122219
9.07365728561451
7.11089969634485
7.326970880896333
8.215659409090371
6.525165510310083
8.5899544907607
7.5325027270276825
6.450339911141012
7.42458689526247
7.32084255128666
8.505152179271054
7.25773626286114
6.02172295263269
6.7383882781123186
8.404944622410842
7.7098700036416155
8.098325370008723
6.744102278092333
8.87897776555352
6.173021468898995
6.2648044031074015
7.001419655029425
5.619691301430682
7.86503406156923
7.215740099077874
7.339616845535232
6.52615086326971
7.411769985193172
6.707772837976597
8.543791800289592
8.318222879789468
6.896505240053593
7.222501338381681
9.373961254646627
7.992948988366543
7.063829146558572
6.67793005440799
8.991646073738876
8.121088789507516
6.714829919480267
7.527226087531004
7.039511618673539
7.276973048839426
6.584488572480397
6.805073719155033
7.443647717936757
8.56746157558312
7.142140572192261
7.139499242396466
8.388948699952616
8.55472393903092
8.163888476244692
6.702352401153101
6.847649212887758
6.7942238973855495
7.058398809658826
7.073520926564986
6.246029710215993
6.844267626381977
6.518124043969261
7.735076862158346
8.08961652582198
7.46107883736723
7.278272135034079
9.107497190654732
8.937766257931699
7.761586211207441
7.607882432443283
7.880578478249349
6.177810595740831
7.361520244098204
6.8419109398770575
7.731035332472274
7.884111537644386
12.088477649665021
7.880760189300624
6.4501340981600075
8.273275143496157
6.51668263094176
8.58743786622729
8.290652245514174
8.330257063080904
6.634360787347452
6.301236908601627
6.875766010372622
6.784919957045614
6.6708349695571965
6.770760109895474
6.941718451193237
6.887436342720024
8.069199310553682
7.627065501466683
7.522254094413937
7.490365709213637
7.63554069630797
6.126087206589465
6.656910014159111
6.843844597632244
6.294003604219019
6.507162469824973
6.321168061705614
8.917363975551257
8.87521354960946
7.071367072538049
5.916231932459432
6.791629310748577
6.964981613944469
7.729028316517705
7.225836613105249
8.836450375626429
6.98070000603298
8.05863071765195
8.60646953717662
8.115571604836287
7.50392357735152
6.229569776788855
7.509164485228808
7.513744067803324
6.868976111333862
6.850490028526896
6.358273157830238
7.470561773974755
8.236325559437638
7.312173125212636
7.5602163380004646
7.090553449655968
6.996176317566057
7.74769572146251
6.25831330535064
7.329408991966934
6.463905633399538
6.036532034422719
7.579720747769094
7.714322335012561
7.014200065502863
7.393422295727276
7.136839496902032
7.097813057303808
8.012545293645328
7.81860520494545
7.095939699110647
6.839907653769694
7.140733025002596
6.730679027219681
7.3473184007596
7.6554925561184195
7.736507656813188
8.901925184756362
7.395369435094641
7.003765791922842
6.603146427902424
7.825876282694152
8.437524851992919
7.205336088335972
6.988954307133102
8.296680099587471
6.051852565045254
8.83435403325832
5.942272666568564
6.547725266750795
6.902939300358558
8.119788302115605
8.104530746177351
7.449307016303819
7.101386823329857
7.477162847768133
6.829937694090207
7.023556030135427
7.539379811440315
6.622570395334934
8.479930370061757
8.698394288248751
8.781522200154345
6.547380955969892
7.0160444814477545
6.004270407337846
7.207673106680576
7.123824374554802
7.297874861615558
8.61634412358152
6.720499463634904
7.18858210894826
5.8564794978618915
7.507097019608156
8.240468540117101
9.126509716832707
7.426312519645003
7.84694872100351
6.583746029888002
7.016877626372741
5.508327454253235
7.475017568095524
6.324751902825143
7.2537585154045665
7.1576555755696205
7.118437965500863
7.12103968438401
7.300752140965719
7.740333113863467
8.753991537360054
6.994039603392949
7.423856051894151
7.381150559080867
6.31758168886027
7.584462778768847
8.283296142385678
7.878011695531126
7.370529772954829
6.99556469762264
8.490829354023106
7.731374394020679
7.422098999864395
7.9256098889607225
8.437319342064534
7.4171355375326975
6.967747470833251
6.9779880255709505
9.477691621370957
8.913484587757178
6.757879575471747
7.726725556470532
7.030666715213225
8.39093776561511
8.12213942877508
7.639333772095392
6.807781329233806
6.904649913436523
6.6644521555225085
6.39728004846651
7.388284194800157
6.9428877181766255
8.862169944168565
7.460268938270516
6.628721364707513
9.10328483498741
8.635124669233164
6.496223467569206
7.069663940157596
6.147685387624484
6.82252654692151
7.2054112360770635
7.548394738497053
6.877022627922924
6.82684912714339
6.601322546946387
6.919194585813118
7.7126261234001845
7.099757888705747
7.667044539104972
8.899964808815865
7.476743887888575
8.818773691004337
6.523162520751795
6.842513398880597
8.157258746576296
8.21370739995173
6.204736998659797
9.902972166192464
6.992250272883354
5.723094625154887
6.513395980830564
6.399065365118964
6.511024666540636
7.267126094280551
7.864162944094495
8.343039235153826
6.9402241061645435
8.773463974423915
7.371012188658129
6.7475085733667886
8.097506889056298
7.585481966794564
6.71844790158763
6.983333124520185
7.5850132287427465
7.660445232762947
6.883911928588562
7.582481647873954
5.972203838492094
6.960496010888904
7.663341832638056
7.880845262581077
6.634127967815876
7.503672195175761
6.582012345903105
7.975533145244695
7.582203457277452
7.333789336121483
7.334950549791441
8.360756525222518
9.433735848305478
7.235827090729011
7.467732344438875
6.685583822093895
6.75161224972859
7.849893352919332
8.26060741942206
7.080807882995406
7.200842885882387
8.153461330416926
5.966753975975852
6.416204040442132
7.37440060795241
8.143629473806296
5.230478981104865
6.2835615295552385
8.03034550573506
7.692371652918445
7.030039684014778
6.338884908961998
7.741097336242592
6.456530371779348
7.249305673250626
7.416654716285021
8.147045135183559
7.907602554168168
8.679515704106448
7.896584947897488
6.515573832758899
7.3171690264161775
7.990722211132121
5.822037351146297
6.746936734646783
6.672618417692011
7.253363663048563
6.747925823482425
8.47670952671006
7.825075650252421
8.26963836835934
6.885151668325916
6.7796288867379335
6.369901775078233
8.196230401545622
7.012774041635837
6.685831313581744
6.066310996756389
7.159374012904725
7.667953425537307
6.593951746103725
7.624586629111761
7.42773723121941
7.899979443325122
7.637897871341869
6.822218877955367
8.76370461706639
8.465911568495493
7.075776617419052
7.097915921699212
7.856971951925389
8.047038782993475
7.066601019508376
7.651558566587357
9.300500974038924
7.125103703180152
6.27731470666833
6.376633654719538
7.464843521583751
7.775591861976243
7.9392866821106045
7.461519061578682
6.65058249566752
7.7821882777132005
7.919274259910753
7.639462307974094
7.205611378471154
6.9668165921454905
8.45455877673204
7.683023782279921
6.2459047591783605
7.579340850240158
8.21379547940763
6.7281231625185685
6.244391692583255
8.079434442545555
6.040852588363583
8.319194133206677
6.778427172371158
7.436160043339656
5.795376671963602
7.11545941557681
7.323538716028619
6.226733064089171
7.152160656663128
8.240169861607177
7.576134548781997
8.040525471525028
7.3485189531429125
8.682620788272821
7.303591972929937
7.821242545471406
7.681000382229278
7.728997254351211
6.023796950847937
7.616779186037034
6.754740488185423
10.157645210279753
7.385341358431182
6.299852402353938
8.812476141336596
8.344729960328129
7.322834793658094
6.783554545785916
7.190658772476915
6.973037533788849
7.053010638775498
7.084504902353486
7.239470403384317
6.9637659928694475
8.288900022716774
8.16375952168148
6.640386117616628
6.845682699066431
6.657273667284136
6.791883005098265
7.629446711445751
6.745453882461399
6.235825136869654
7.383703693628501
7.600747949500027
5.906239023973965
6.412827030622139
6.2124469941514455
6.401524372942769
6.914245891619032
6.877221663870042
6.155408253430425
7.474144406921708
6.798057912281037
7.094899229840864
6.642744628476898
7.328202285132363
7.449933226976776
6.352910897140207
8.860182216776893
6.58539957567503
8.522994254195668
7.030485961629028
7.033039386705744
6.7769189673920405
8.081760918595604
7.812148201758944
6.840331974652937
6.957357600893027
7.251760803214513
5.9801802712518555
7.595583631579667
7.149300684352311
5.9302235423541045
8.34876045208704
7.871283787754923
6.414998199495426
7.64294251247155
6.909394348422057
6.764584837300107
7.603071368427383
6.730066420145536
8.00945003181435
6.91420194403145
5.3818898196343845
5.958332325014177
7.264930055390742
7.367524739643808
7.434391895826814
7.482276838649317
6.486857471934151
5.765487624348671
7.068905362917486
8.241270078099424
6.231979081189133
6.583142988504254
5.6785195274296765
6.513630321937588
6.623212254479349
6.9228826863286566
7.439307470218736
5.967413595470001
6.94775242787663
7.464129133601415
7.095361260897523
8.968044466715197
7.178494332197951
7.623942066223393
7.698576807859445
7.899595380595566
7.344782967370652
7.206780186558407
7.07773151232066
6.871338961419775
6.822242744148391
7.331887174500471
9.536762815428872
7.554748889149058
7.051472386919924
6.737073294172392
7.558436273659599
8.447947571048719
7.2387808317836955
7.057135367694586
7.90872400108076
7.580912215247748
7.178355308440943
6.4431483131424825
7.763294389572933
8.316996170018921
6.3333065392568395
7.565670405631262
8.088739522126001
6.616962185347819
6.38980123716758
9.176883820463186
8.259787805993316
6.879767431453913
7.736178618452592
7.456273096711797
6.702689469869472
7.559062204826464
6.662290389203754
6.193464994644101
7.238982406394475
6.827489592300112
6.997500279383025
7.307160799104629
9.432407332597355
7.925520495406704
7.0627160797176645
7.028791058862991
7.960605874967596
6.682859992503021
7.4188415052572365
9.517769301565437
7.74710361399696
8.946042434625843
7.376388150815037
8.16493466019093
7.687657978350484
8.607224381119945
7.395663309383642
7.080279552314921
5.895041459631814
6.685738669149552
6.793911373126159
7.946922391284302
6.451530464481143
7.332777698723378
6.458210419934269
6.854828239520748
8.113157861169784
6.870286742992026
6.833877939032802
6.975941850644655
7.956587375337472
7.316819212589394
8.197100092292104
7.6401791435707045
6.929369051524503
8.255576878473082
6.685929107862148
6.980735836326491
6.268964676943282
7.565399690830183
6.2020338495309515
7.461968427322677
7.003015524328853
7.511094075279067
7.413086850703587
6.720379777437892
8.081878011132728
7.1734623435684615
7.876358930099315
8.146224899470255
6.416031388873406
6.074917546841062
7.205219291461654
6.229881252713354
8.400408148945118
6.70024624565653
8.158315169589574
6.954993065150671
7.029261890496101
8.171674797994811
7.617994787958363
6.768948475374296
6.9864223808935515
7.373894348754773
8.323685274937375
8.384184015009518
7.622826138710237
8.092132177691546
7.855372428848314
6.921545016251027
10.576827749031604
7.853011978791255
6.531273651124207
8.574623160113424
7.423259735234359
7.40176800406605
6.980066037172546
7.322215063428987
7.230804725132791
7.2307302147294426
7.695290555625062
8.255191427809734
7.430603737584292
6.481118474753122
7.284859790437671
6.4512485853111
6.3696608980024845
7.120181636144844
7.661162613733142
7.455209898786806
7.864903255546411
7.286563808208864
6.129122077933815
7.341363750831894
8.017609417319653
10.894506050652376
7.3188754294507445
7.688632128870454
7.558625877094062
7.4969406230701665
8.14772600842754
7.003377004251807
7.901086718577263
6.9497674930444875
7.701316741146043
7.512417232071338
6.038821500227678
6.814878812213362
6.402201681796391
7.337761442924332
8.014453658982712
7.323293627156629
7.855743714717984
7.832517025317835
6.3770172954930535
10.334605112817098
7.0043901409142935
7.649694216172417
7.336547979308492
7.72752569602133
7.212861027544501
6.673879397524819
6.422957432135407
8.16211589920367
6.87539190091359
7.174064262398616
6.972350756666536
7.95732496571133
8.330131297614185
8.780213810904257
7.271844571107666
6.660215360221968
6.758855895551235
6.12486396768098
7.993722314651103
7.450350634886407
8.22594083901091
7.8023735434080965
6.3225275180239136
6.136165881629643
7.007786079814816
7.687854280046928
6.338748169737651
7.957454560245122
7.842676292847122
5.989384536335092
7.105161246781234
6.448540782688409
7.1334246219151
8.07808665768023
6.930241179165556
6.94437736249635
7.310906133542571
6.744470523201837
7.490884393623967
7.282144782413148
7.467568861694466
6.775147559321465
7.19732425071642
8.147341423921443
7.481656104272555
6.866547039168968
6.519670092167622
6.651981878174524
7.385065236073397
7.798382531869579
7.376560832710807
6.81741342323613
8.63545068730017
7.586932668753292
6.853937906911944
7.475483487457155
7.4906968247160135
7.573739432269642
8.577432802521473
8.043154701641464
8.395437703263516
6.159656643169386
6.400986242770737
7.120523853448345
8.485906595919072
7.648483453153868
9.044733814888152
7.564521417547029
7.881243182876674
8.421506886619017
7.319921865421008
7.135231888124157
7.139396663373298
6.777682241525345
7.729208116165296
7.653840559099906
8.27860307922101
7.60319155415482
5.7391023390414135
7.663873554617032
6.483067224188714
7.405700514561161
6.214173307831902
6.7215121341807205
8.930157187734556
7.610371664024134
6.7433848387651025
6.5107714161433625
7.262702666871196
6.1376468419623205
8.009788448825189
7.83115013904411
7.07532021065236
8.0184983645322
7.875798528226087
7.811162731023756
8.381855533173171
8.629580093751173
7.556370058896865
7.582134813232406
7.716296595476933
6.4438212842544065
6.825760038942568
7.812408502484298
6.778120516265743
7.357139742982687
7.131231707618962
7.189979764310066
7.518235881575834
8.6819831014994
7.923917180286285
7.677518252649419
7.256511064623103
7.587809979634867
7.614782269992225
8.61333982706761
7.311957035537791
7.518684433406064
9.339685642663511
6.117127772744294
6.988734007414794
7.854411009759334
6.709082746125522
6.336109499056374
7.131567275462061
7.244216198584223
6.802285858364398
6.0785676351029
7.152820596816099
6.48344891897801
7.228609931750775
6.096151372216506
7.059725382528648
7.410028240246707
8.395902682411228
7.817363909433767
7.168626728444826
7.149516390176486
5.559087420029457
8.326670989419753
7.7775919659115775
6.340463250401684
6.628280790157949
7.376363631134842
6.553881446398086
5.804484394194312
7.311320387620102
6.325393736252978
6.979328670933635
5.918955305598326
6.571622775689335
6.441703762725854
7.7777589330371155
6.22102859406435
7.990202602542349
8.647793213813596
6.645545347386554
6.34250988895353
5.636153140304163
7.187409232654139
8.197907922672936
8.064891018581866
7.290352511176127
6.61364860283273
8.22273280195227
8.73732427892527
6.88405686859031
7.478952945788935
6.669873524339539
7.896381079115844
6.771684649489864
7.5069130341153425
7.257605379183586
8.089461354961221
7.214835858677607
6.854776987477841
6.014990140957491
7.698437395814334
7.435533718048944
5.965431098332009
7.622510515702658
7.787016470789933
7.650578570360675
7.535377341808181
7.214747120292554
6.530197602987385
6.434452436992671
7.431194489853719
7.131573977808001
7.832651109647856
6.948226695696129
6.711152611037705
7.840394191464316
8.350362562528483
7.23935857046013
6.797137107840081
7.803185912837044
7.311373569558316
6.52632655792178
8.96039176427956
8.678673504853837
6.724981205327897
6.234480242969142
8.889102097880796
6.128775707744712
8.573350324831855
8.046375888380751
8.024808237125953
6.788753411956105
7.649161676923047
7.461205119174652
6.765739141218604
6.54189109754403
8.450447996258816
7.69911246436037
6.558382910944104
7.594286072502414
8.180633150831044
6.389414483098806
7.074425816746148
7.481290660549093
6.495088835936362
6.8524919323873945
7.828182999543842
8.954943025374092
7.216899901220733
9.454062792338197
7.822682446145547
8.106306872114416
6.9972960310763055
8.247247460097887
7.273960976078556
5.918818002008225
8.16761907918419
8.21205247026414
6.140045365050973
6.896702365618774
8.330030053633797
6.490171097658292
