7.828297317907558
13.057080668049089
35.10033644619805
23.66392895963494
10.657565156437933
26.128530096805008
58.11636752044893
78.30141124491473
59.705995332295615
15.737728631560268
1.0152700573642897
23.409615682894017
16.10117092658888
3.034184378661844
13.765166901184001
31.106973667013055
14.597545198919164
11.804179879169137
3.2236107087580637
2.2937060974788626
3.387563466283964
1.3438726207321237
0.650334492553254
2.5987063650730375
2.1035802015395433
14.447928247437012
5.305401873842259
31.164759993211987
30.44699168204074
6.10457173637332
3.966539734489271
2.1906428694377973
14.82560835407111
16.319443369187415
5.784793400098092
6.869983051815418
6.665700611337199
9.851610469988257
5.408911751027504
6.886335387270271
13.286376964593705
9.38367107548403
2.5780974412326505
2.372054329598502
3.585527284723676
21.55478270599717
21.14573419965191
9.516599672686429
18.00337414217099
8.052369464345226
7.72475620674446
3.52436127767526
6.306718528848921
5.258502907532637
5.721759293516725
9.776177449094314
7.954969529446946
3.9210179481535308
19.35419834730918
16.190202187355005
3.635541130193496
6.165651566765007
3.675661062576856
2.3139703785522565
2.915530561248597
10.188665116700664
1.8938791043704235
2.0429227159456307
3.099421298917063
6.732390183285607
19.754025530654253
11.671338126001446
12.209135196940041
8.996670338565675
22.139033387962808
2.0703190912231855
3.1846787619340144
3.1123626350254496
11.301780600922907
9.418713367182075
31.27555030291518
40.245290850966214
30.051044125947826
15.443945235867135
2.278879468680693
5.924089679078956
7.334142271953436
6.979693177290434
5.917975894749876
9.29136115457286
8.435419872670758
16.88472057601726
14.65659233288149
16.13306755531595
15.817155991379787
9.950600215808704
16.71495586755585
18.372713308153163
14.873279126987859
20.144555320180526
31.112340217517737
40.08061620359015
31.200744295174392
32.23346684101234
24.37756260389424
39.96143328657538
29.42341636880754
22.774408320149345
41.58590933162784
56.13967795201187
34.499203985491484
25.82359782817808
27.129240289401597
11.48486641713675
23.30478124385023
2.5083692545294554
5.4179778366597064
21.65266330967661
20.89301791747727
9.402277597411723
12.396549503253182
16.381279628150143
27.282400413559472
15.556363400524523
17.724407176532505
17.913487513638113
2.433021818680011
7.293873448177787
7.914211966691466
9.026150199790079
1.447164298460751
1.6781827063357029
1.5171974828599841
7.732570208979594
10.34116301820267
2.2697339298865726
2.7527110469673843
2.2976455152046342
5.0545940256645485
2.5434669898829054
2.7390693252272422
10.229336384082066
4.800675805797268
8.125971344236058
20.984163659394937
6.423319359666543
2.362639656238918
0.9769073394568157
