0.3348105836831444
0.5536125066348468
0.06541751146375137
0.07918030899345031
0.20855485020256861
0.030059703056980008
-0.13081764119182498
0.13900053657796574
0.15033777400518758
0.08132035986169038
0.04398069437378429
-0.007246971033382653
-0.1375020549935784
0.19614559511803806
0.4820161100320143
0.12131579368253843
-0.23460611133781106
0.08037794167742549
0.3299197337868264
-0.03400977088581152
0.13718120814816664
-0.08216346472978638
0.14315364866801905
-0.132243617694149
0.622435328941761
0.1273049388895023
0.04826460864806886
0.09599620914270755
-0.02223727763111098
0.33709853391078026
-0.08778627087693394
0.21217269548897366
-0.1776665947077355
-0.03546480870928345
0.3246127409704909
-0.1295305917661511
0.4149021367865355
0.06123390109709893
-0.021877825467846276
-0.029517334358522513
0.10691772605215343
-0.0663700718406933
-0.0019882058638325327
0.2840737382400284
0.222154940113188
0.05812225269991443
-0.2640504382013348
0.3112318303122391
0.004788096088850193
0.10674499308666592
-0.06510394992293363
0.34243219511562256
0.23910547280804223
-0.16812966579114602
-0.006447994989803242
0.28007562477927794
-0.013455108027018941
0.47389798266008204
0.22629167001401768
0.303742405364566
-0.46350978308526586
0.24989626334466822
0.005307294079329988
0.47260642434534234
-0.028942365897705536
0.06677680466528994
-0.04426766532284074
0.08767044381800172
0.3328101263018514
0.3606690976743666
0.1216275875689791
0.10526351342817516
0.32234543491052325
0.13630295796898917
-0.03441624090564489
0.251783984518826
-0.20809109180469237
0.6286994522190328
-0.14338462079249495
-0.10505721238013684
0.49719104696351635
-0.2690978658163797
0.2752671469627089
0.19635417809829
6.784994473404002E-4
0.08704555580613692
0.19887532110026818
0.30981160006286435
0.30026617357755747
0.0034695343898829925
0.6904849894361155
0.015009614837248246
-0.12017104325963177
0.1071533740252881
0.09026037299093596
-0.045052574268401306
0.2912676492327355
-0.07328347968001289
-0.1245863320968169
0.05258007134656826
0.1724528572514016
0.15106048832479924
0.10695310901615841
0.18484547133339974
-0.29864914150747285
0.47119545904436283
0.40014577007030977
-0.36660910025285237
0.24471130401760868
0.1284947417158407
0.7691827928844014
0.02007137287046267
0.11457900358824842
0.13447272434006102
0.055704518673038224
-0.29733962312724377
0.06749755966369553
0.12307488708193902
0.37331109761013676
-0.28244335069559995
0.2738828589224703
0.18544194103435072
0.0552897704888959
0.6016806499626859
0.18336443619864592
-0.14958838485683335
0.008152687149397788
0.19216168430541825
0.013996865842623312
-0.06293147845370585
0.04911255964159823
0.009443711776590305
0.09153382078532084
0.10200814033749024
0.47711467504403066
-0.048913560271507624
0.15248813641627532
0.6393584281175344
0.01584669556889556
0.11836410686402268
0.07785741349699707
0.05111312730750018
-0.029555864597272358
0.2331014740326715
0.2549818620124038
0.3802517902571121
2.2946136103692414
-0.08185317182563456
0.17510762442545344
0.1931908069507001
-0.17378221683760517
0.2502422355282744
0.13937729586783693
0.3490196661853211
-0.04879918313197868
0.224301739319625
-0.1801070794414992
-0.16885787847237022
0.17524434204451655
0.0665640816372125
0.007134984540931682
-0.019162543986561708
-0.01935946025862096
0.5534633399528684
-0.10569271085751371
0.0496485729630866
0.3585311376690295
0.09075165494167269
-0.08433741435653846
0.1166099548172369
0.14666923780773647
-0.0532678437012425
-0.18804044381530227
0.33505138715161425
-0.003224094351165199
0.13147626801684179
0.03574708679577768
-0.060824010867594105
0.08097449830582852
0.16060075173335858
-0.08516129149264702
0.31640954433762963
0.006555097900153247
-0.02744006298638654
0.3831693716465308
-0.1674432969503561
0.2434793613442854
0.02860532265261237
0.1515541656861316
-0.0621286223971865
-0.15529404916485465
0.07520376215520598
0.296214610243099
-0.030276754181365953
0.40074994108787854
-0.12133918984308179
-0.14685484106499852
0.0854414365198355
0.108875623653476
0.06409141814461597
0.16217675887861474
0.12455706637201697
-0.2595391663454206
0.39839189023212634
-0.336704754240361
0.4435723357841727
-0.26587906034143494
0.3379988001402311
0.12919224950691077
0.02589508782077788
0.11572044646117577
-0.034086130530301594
0.029649323398444196
-0.20422549765521197
0.35845910658265967
-0.05211619329104919
0.08680221982550303
-0.005443565594194432
-0.3266107530539029
0.5244612555872831
0.21725973685698327
-0.16431866055345465
0.24237766845193406
-0.35329974216820115
0.5923833857420453
-0.22855507319821805
0.40743331363829166
0.1184047046447011
0.0957522300183468
0.41361115727239983
0.07349115481871837
-0.09387666965470919
0.13900972366183065
0.0833886673493549
0.48422149827934013
-0.1326636352288673
0.05167538254426342
0.5434867404943481
-0.358570650863379
0.5661306353845521
0.0701060861532509
-0.23308870480149121
0.3001884846689669
0.4086526949785566
0.35803783552423774
0.38586119411660613
-0.22877833537735218
0.15367892357294946
-0.015243101560626807
0.11994686412608013
0.07824448431686186
-0.04164516441834537
-0.1135608007474252
0.19781455974908943
0.08171774085707058
0.5875116471184171
-0.05063258512897477
0.6236893426549124
-0.055195815365877816
0.0786578843350701
-0.12530649736861926
0.2597374112463445
-0.19593212520115447
0.3356539477607307
0.1523819987874438
-0.3683245118253059
0.26229493676651716
-0.12349400131512787
0.09961880456021907
0.1398899107310481
-0.02454998604211309
0.02919494988856492
0.27394754092426205
-0.022463233041638168
0.06271046898661822
-0.08586459427887966
-0.00829538368866192
0.5870582227109757
0.24273606439717244
-0.2647332707442045
0.22764599674108993
0.7641875301277032
-0.1034734730381257
0.2004372020343965
-0.03667055861725283
0.6028137442842427
0.1404465313409868
-0.11953328223158641
0.08878079764159967
0.07102634115357014
0.4654719275824255
0.21729884517906067
0.11500579044564029
-0.01185740241515535
-0.21039130611828977
0.9621540582675817
-0.0876197424860942
0.23829879502245938
-0.07311280000791542
-0.09300434439969242
0.09565283125559772
0.24435364484598093
0.25209022034796513
-0.03097424619793908
0.34092381932099863
-0.05818271929140324
1.1434765982509083
0.09047528180393112
0.038855083961458786
0.43074246009628164
-0.11852610269457146
-0.28897640774186895
0.4690724961835087
0.1169328683157576
-0.22794920324211987
0.09250551276814913
0.29509505462217744
0.18480547017623353
0.21878449040412284
0.19472949939074277
0.11747745957423793
0.27038456702383723
0.3122560359656246
0.2171970698733668
0.04052303076931873
-0.012586562737425616
-0.31175993205564073
1.0098846588511798
-0.0068686030284359515
0.9835721777292217
0.10803977317979287
-0.007252340674418918
0.14623723846604564
-0.11611331081148125
0.15978666798826766
0.07427847625178573
-0.14637155959622675
0.345585576309284
0.08589371391296034
-0.10524561963434798
0.273848707869508
-0.15158025378201825
0.17707489061783652
0.1008761059586562
-0.07058259311597509
0.14083063963257267
0.06471805943394032
-0.25838374391677016
0.1290361565936578
0.2571723097256759
-0.1007310357742601
-0.3641487075631592
0.4392292822785802
0.15112867238726657
0.00555246470208776
0.32955178783352435
-0.2523428612678356
0.12977563989732177
0.1238854129747496
0.22249299223199107
0.15250921981112733
0.06038559554835695
1.1062869562180784
0.14115358825952543
-0.15461983206471414
0.20825972376375262
0.00462849465446076
0.0780832814862871
0.430291455418489
0.18632935650927424
-0.10220629182082679
0.29653825173522685
0.12373480804748836
-0.1363585177334763
0.05373836629675461
-0.0045670510825480005
0.1886581247725919
-0.05683700857281685
0.16654778680016452
0.1585962866152392
-0.07225429540384194
0.11170835009138237
-0.09165132717723166
-0.19992890809272293
0.487855582006598
-0.09145730611793325
0.12824717428545818
0.045868609753905235
0.12064425582535031
0.049609126573397645
0.15024655855946115
-0.5034501917761758
0.48991590264988893
0.10805247866992077
-0.17219520245577166
0.2315420907250933
0.008282758009589861
-0.10822476524725674
0.17780390964087503
-0.08389487359064143
0.6330988652697024
-0.04712490928680943
0.03625790338684912
0.17713043489697677
-0.2715253220121006
-0.08136913998350102
0.13490739646788064
0.19184767415623916
0.08258625214181811
-0.03352921566871891
-0.008266170505411067
-0.03951446165290297
0.06461118852114274
-0.19212049679729573
0.49578541410123295
0.01947577663107709
0.25858992533634995
0.22553599718880607
-0.021217509002303164
-0.06733630129467617
0.26967206375365943
0.23748988978641317
0.15021421968595297
0.5160905534939596
0.9712397223997089
-0.1424688185012057
0.16718839011137013
-0.13676463320982157
0.29500879913720734
-0.0022091992447261033
0.17243660396606986
0.335865592462628
-0.13222447300424467
-0.17507992906340933
0.5721093433004737
0.03846255031443256
0.36560630236691155
0.02606371728081453
0.12466240338268327
0.29365389642728357
-0.07922538063588433
-0.17470737144903017
0.45427847489326073
-0.05730464466616648
0.147080148727582
0.2701816524910396
-0.21150769562174673
0.40955003506385196
-0.0150505882240968
-0.22415464117682413
0.2849437928321375
-0.4095186164152219
0.38428604807902994
0.033332600536288504
0.19914557689289278
-0.13856860493872747
0.2318280040824786
-0.10727584751009725
0.24070794623475628
0.517587386473125
-0.10525779400187815
0.012412716351594421
0.4424206719011062
0.12261206295623935
-0.0667606582061086
0.07342713146560922
-0.18127654160548515
1.3074009441357306
-0.08194426079344158
0.4409442206172453
0.18233333321749978
0.14837386058586072
-0.050774113690553735
0.036499799225910345
0.06545770636311554
0.04298600204320238
0.09398648579476429
0.1667588764855468
-0.08540976853366218
0.196407916835152
-0.22518680974818403
0.6706614514838776
0.11452540000115315
0.13707548082298504
0.012502763965808787
0.02772760571642424
-0.1885386889001216
0.03370576636371796
0.11741803671921394
-0.3532463923788605
0.407237513313376
0.0944649487427517
-0.3179486736449207
0.21129758356714598
-0.18807159691474523
0.4583932407816713
-0.09232772468878561
-0.005922104479863464
0.22329160230459807
-0.19819637995727216
0.02794384114143321
0.11815974023928938
0.027752674963078483
0.057208760772275165
-0.1857970918680205
0.3502249472167572
-0.03570418478238495
0.6747165261011449
-0.036942588737878625
0.03923820242039992
-0.11045205145176624
0.27346018996817617
0.410474543390997
0.01596252266994197
0.034291274809696286
0.0487445812748224
-0.06097916889722958
0.20797890083258055
0.13810147138058193
-0.20850074173093516
0.3443896290227697
-0.02519959591303868
-0.03738083016825471
0.13047229152416254
0.18164903975401514
0.2594889523730071
0.08165142087112648
-0.25783444895384466
0.47840057524506824
0.18117139538672083
0.03129976676743022
-0.18918180498406748
0.31791260603707233
-0.1874646642007279
-0.054299629319346746
0.29345684742022865
0.018876769485988355
-0.1562499695790876
0.24255384792456974
0.10204248667456609
0.0292393683433168
-0.143625069332396
0.08219163495343398
0.010178671543438607
-0.10800796925213116
0.29341595323119807
-0.13796707559726548
0.15322291772149035
0.18442891189969637
0.03070217422512316
0.10709042468146046
0.06658028535100773
-0.06049884531132787
0.014894957921979155
0.10091313822258818
0.3080138239276674
-0.3488877791147213
0.25609313096071123
0.07324465039702233
0.26490543473175693
-0.029722782972469747
0.16112721607824282
0.6182839683393234
0.370999614585391
-0.116675769486251
-0.16058461493435744
0.20088922983477442
0.11759728240530948
0.1539655542204193
0.043179890674847635
2.0478285949098005E-4
0.3525487035669322
0.33857814608557774
-0.09902813010983821
-0.028170407401850936
0.6161899157238864
-0.4472528679127728
0.5975743884180306
-0.10241868334841929
-3.876944805472051E-4
0.27875891131451624
-0.02033265513624401
0.3057980509901455
0.14448954112344634
0.060964674564706674
-0.048478464425506074
0.2427547449708869
-0.15036122234005397
0.08766305499052102
0.04184241442125332
0.19049391768190377
-0.026660531613575653
-0.08579373815046537
-0.6314222302300814
1.9625613731499745
-0.11801787499009796
0.00504069061359537
0.06042952636947575
0.3528036358050945
-0.17059523949379782
0.17693639422861754
0.029826915358371814
0.41665722016243645
0.7090210748676894
-0.21593048775471615
0.6631921717692641
-0.17522656884361887
0.3544896003360501
0.02305243790845465
0.0839270603529727
0.1059010977632434
-0.04567030603508153
-0.09245243104666911
0.21309919279230954
-0.04185507168759351
0.029583381008093868
0.11221233416181947
-0.26033263974139254
0.14885003965114754
0.15822575628992427
-0.24007071821593434
0.3074964268431511
0.37351871180712837
-0.04271600601117641
0.13875753728553034
0.04856518201705176
-0.13437259964490111
0.35196716354180707
0.02470644897039996
0.05782272465414699
-0.26981829076754743
0.18017138301689692
0.1577078336986298
-0.02338791832780527
0.025403927898478892
0.013712300489425523
0.09573782751983567
0.1242298221921991
0.2125494149860875
0.12785621762863844
0.38823091298947965
0.2191956734120597
-0.1259408838511142
-0.07847158109459451
0.2453682131074686
-0.1795168515129815
0.3137700626336282
-0.29635638298825845
0.30605767218415925
0.17373001136635272
-0.06900601194640288
0.08949529519500532
-0.16531141149627585
0.2776817135868357
-0.11991139615917387
0.2151199432069835
-0.22215528079814653
0.811163399534068
-0.07266942004662545
-0.035662280433660314
0.04186391933042251
-0.0021800271323724877
0.7190624131165037
0.44586063406564364
-0.06789319280034797
0.5898091823552439
0.2042836678795375
0.2312958668625344
-0.0772955047269585
-0.15077121155418732
-0.05833503635473118
0.28086753947253706
0.07746178480092936
0.1509840572075198
0.024730177179189128
-0.12091421793643514
-0.017520249057260733
0.2538480039742243
-0.03324181995529717
-0.11550930639509446
-0.1328021920448164
0.2828797668624745
0.27689041340245557
0.15262141842144755
-0.006802946063274507
-0.02265597360830438
0.40571965305373314
1.0415389420024568
0.13374996812805365
-0.1436434320656283
0.2375295434759833
-0.2808617522946348
0.26499692307008343
0.011276066186858027
0.2853999291779541
0.06360188073900455
-0.1195537822452143
0.5678044966068951
-0.1728027620295673
0.34007822379160696
-0.1400954405635971
0.17029158239586287
-0.020014497868837428
-0.11566244273703807
0.2639838415179436
-0.03178270926935824
0.16386054386360666
1.3156699713240874
0.2980457085971902
0.48462529865450465
0.00275287740654936
0.6138059730274329
-0.02669506753657617
0.19856541114632215
-0.2629135907765527
0.1861645689134468
-0.12419074882586337
0.13116211663606367
0.11255325010939296
0.2868642610909189
-0.25052974021384244
0.6821021197709537
0.10985588301286806
-0.12652811547528495
0.26057424942152274
-0.08924335154138492
0.03920000403665284
0.02786864607442741
0.3286641120943461
-0.03588489399275828
0.13213980300538564
-0.23442342991393464
0.1952963333716711
0.013716646387761239
0.04671078183343374
0.061890017767150134
0.24292080172646638
-0.1890696854775437
0.21203389267181177
0.022509490506349466
0.26248560662134873
-0.08541774129285387
0.10107187862615678
-0.17888861325320443
0.2480817449546684
0.2372371048438579
-0.3334620269673735
0.16017652437630495
0.5247892927821032
-0.27511364911934627
-0.21295386344920306
0.2560881919636217
0.2729038111796604
0.1104205102443171
-0.4042121409510201
0.2888543194922547
-0.10671964865944956
0.34842570298252923
-0.15239610864578476
0.2173739344241605
0.29782991675885645
-0.09560357937774337
0.4613254845338527
0.017788371657295833
-0.15419139624486394
0.16487765233605783
-0.023840875564341592
0.08977710060530593
0.17824784150883236
0.11668976576339908
-0.10047011096941273
0.23331018193869457
0.23716525712913675
-0.20859402965436263
0.2066564279515011
0.36166462863243193
0.10116606937612022
-0.16350775399438033
0.10157889893321141
0.013538987452415822
0.013408515483181026
0.2438774340775996
-0.06003981615486861
0.06719581597023012
0.21326317016962845
0.34714159170853787
-0.2752150342754556
0.8865821522556405
-0.24451360712625486
0.0687592229971579
0.09618361767373372
0.10846858155902707
0.07798020612880968
-0.19105275853053075
0.4251746869275441
-0.31468759758592263
0.22083729133900765
0.0020871989400076713
0.0024624780095256183
0.49457392918088144
-0.1289158460218964
0.09456816492959394
0.47372598948555106
-2.5137555415943126E-4
0.4582174202057197
0.6211956813593673
-0.0020696315235275323
0.048193383044260456
0.19911344753671617
-0.08049954979684222
-0.11975888481561019
0.44018406471381444
-0.047892121125359566
-0.14730658423987003
0.1817285744738095
-0.06142527957928492
0.011119013168563018
0.3632004076466021
0.20624377209211853
-0.43018550194464705
0.5571859845434795
-0.11111159241675556
0.22118259854028116
0.0649481837313647
-0.21436334970699836
0.3553840666907681
1.529312532152333
-0.0680252349579685
0.0028872210711301293
-0.28123150388236834
0.42828278410597453
-0.04891014198658396
0.19910711400239328
0.2379343210937981
0.015932082260715307
-0.22885882159220866
0.1597879786588752
0.2395548874192404
-0.10228206639319302
0.10097042385334183
0.08347329295397432
-0.02526544625908777
0.2375421971079216
-0.16212703615988447
-0.06072776382953136
-0.02267168981801521
0.14713370339978943
-0.12575786709534575
0.3371942395206801
-0.19929790826088437
-0.10058383810404328
0.01633438458876259
0.24383997066185054
-0.049540060702328186
0.29604514994156067
-0.20051453207378525
0.38380880817837537
-0.08341645564502566
0.09926062892287915
-0.2355542925200782
0.33480578936118494
-0.20843069447930682
0.22967514476536724
-0.18794251234126136
0.45023985432039937
-0.033522189822957356
0.11320088386523991
-0.18831034847093622
0.2055515693637911
0.26310814086978496
0.22908963640852006
0.14657098890276338
-0.7146770537798732
1.0151971278391487
-0.1849974554825194
0.3083127843626939
-0.0888793378991069
-0.2911560608451357
0.44646243367401056
-0.11350837167007966
0.16545402623962105
0.07453526720973762
0.11653767484714803
-0.2681223461787379
0.3862567342506162
-0.08536885819375141
0.1646580486094513
-0.003862720475650816
0.1344624715921696
0.2786557692527161
-0.13912710760040345
0.4513943853236418
0.13322048181020013
-0.29489537829903
0.20726225407190318
0.35335642599138606
-0.06087038752802626
0.03292282993855826
0.01001844215747337
0.09563229505941147
0.06699714844627093
-0.014010448853401426
-0.03778754879998403
0.14274328415229684
0.008989881934744568
0.17553336666646696
-0.32813579895408107
1.1478457035716207
0.7588679825325232
-0.010007213400866586
-0.005775289968376229
0.3920762131077346
-0.05389312258710231
0.3013773569057607
0.2677340269160159
-0.09451780391521218
-0.10415250364306383
0.09942354577848149
0.08275278451945889
0.3090931459670026
-0.5780261767729302
0.8931411374100652
0.1531625230778947
0.016692061252299287
-0.12907393499365963
0.5094070228220492
-0.021903759641483864
0.12093289895691904
-0.2849509866149401
0.05908580538641915
0.25102283083799204
-0.07490009677849793
0.9801769113674159
-0.016740911140733814
0.434919658177299
0.10841010571546884
0.24723099540033683
0.04843250377319289
-0.22333381036906666
0.4310869994621034
-0.019673604747483517
-0.013303037702192183
-0.2516229214224333
0.25087299610574965
0.09746844526928375
0.8790543128676043
0.17663282521640444
