0.495972359857242
0.5209194530566524
0.5169963568896421
0.4772620464456496
0.5140510049917895
0.5191622036482365
0.5033630229125311
0.5057589024324535
0.4927760003186058
0.5228861062842689
0.4567292649775804
0.5239706924946651
0.5010898693124206
0.4626571655074507
0.5139640766817385
0.4853080111805567
0.4807161298923869
0.5001172374385118
0.4572497662094398
0.48442291426295214
0.4760892758711505
0.5134242980704053
0.5093684986894509
0.5126817407210199
0.4915056273456261
0.5364992342775331
0.5091807470165587
0.49075158115079925
0.5126203339750485
0.5119014955093713
0.4783442706264383
0.49716144520423555
0.500053999486161
0.5130646492801596
0.45954757374646665
0.533923209886
0.5164020817443623
0.4898384990689204
0.49778533425995075
0.49692536620597655
0.4984290177697733
0.4913529664596828
0.4810680558452652
0.4945710567093427
0.5045986679551839
0.47385060824363867
0.5041695287298777
0.48324061197021523
0.47575603445736014
0.47578865174904544
0.48252189368192716
0.5265638759990667
0.515785173310048
0.4916575285790894
0.5121533892744791
0.4817517632437874
0.4944723013811876
0.5110280902082321
0.507091947283294
0.48551747008418084
0.4973278890857042
0.4748070187060618
0.5022059317968034
0.48609824645207916
0.49407986040573953
0.49447719350051295
0.5064244475943023
0.45916964366693147
0.47822166928205123
0.490026492714906
0.5016983721309268
0.4883785198384953
0.5016727529119269
0.504263384643484
0.47288452238330936
0.5351839721052992
0.4908753590048649
0.4937970511699928
0.47681053750479524
0.4951369451981273
0.4896921979708709
0.4621945380895217
0.49691696485568687
0.5232786945022443
0.5126591180897544
0.5007675800562664
0.5171527764607572
0.5483442557834247
0.49497298892345276
0.5216303083472996
0.4803944243162507
0.4876156832095786
0.4839933898550885
0.5088190555160196
0.49191622163661336
0.4937292886805891
0.48344616635496035
0.4819525535641213
0.4820833296393772
0.5095169674495315
0.5260956372260569
0.5298181936905717
0.5006981395974972
0.49731707574385414
0.5195832953082974
0.5062225319591357
0.5164103053729715
0.48128759411354655
0.48933724747782553
0.5424886316044275
0.506799150058404
0.5161877195025067
0.4876358564019303
0.4915552641091866
0.49205905442407555
0.5021380504547189
0.4974905747364653
0.4903943003858079
0.5011054093147135
0.5129969910744544
0.5157771740536098
0.525698044223363
0.5184761290701264
0.4987467112569098
0.5029892402518362
0.4835190788940127
0.5039134813661278
0.4739018476191164
0.520141849414166
0.4882202257805436
0.5104230221363271
0.4824714742526908
0.5023849879025815
0.5126884417444851
0.48878336033423875
0.48905203729496016
0.4917068182923563
0.5186459319494632
0.5161319574199399
0.502557060130527
0.49658434308363925
0.49748098835335613
0.48802017111708074
0.5080369332092464
0.4778563693860639
0.49152240066124275
0.49334246772852397
0.5037280430773494
0.49816833607703814
0.5043848112506716
0.49112325772097865
0.49042572188981237
0.4924721728669678
0.4909598789178432
0.5175685549585834
0.48399614972451466
0.49761415114566665
0.4927939881196418
0.49256725518983824
0.49258075669599816
0.5018227885717621
0.510467622912747
0.486785238963371
0.5072879612563883
0.4845817587269212
0.5118670947488604
0.4934329296599434
0.49567854166447484
0.516980168773405
0.4795379149567263
0.5025761180474094
0.4927855499642248
0.5153088119735438
0.49913469856748766
0.48499989314603
0.4997707037562795
0.4781981525405783
0.4637127026510538
0.4841784694931451
0.5033729264331279
0.5024388041149497
0.5019023476772494
0.5039135865179692
0.5117839379400538
0.5066805396519821
0.4934035493792966
0.47880121333762704
0.5066428882458136
0.5070593091975725
0.5383108119333189
0.5093658776859747
0.4775799307200879
0.47692502870942555
0.5207278240332316
0.4830403299533357
0.4664437428624949
0.49338103725990046
0.5040641449737
0.4905529370111466
0.49933256749756727
0.5050639673246052
0.47867133635686293
0.4958866006105092
0.5016032219608137
0.5066610582841807
0.5454202862854107
0.5172405419925978
0.5005475053885133
0.46300684106875156
0.5258904620734147
0.4979472168321525
0.4958522709005141
0.5098530280334557
0.4771974621372763
0.5030983483158793
0.4836412048691092
0.5148019146254378
0.5080498440786905
0.4991726670717182
0.4981633045737303
0.50969954263706
0.5048427398602597
0.48889085479125655
0.5143283882186407
0.4809747802694857
0.4851583341714535
0.512237193473788
0.49075761354435976
0.4951566940454547
0.4863740970844301
0.4837110209089949
0.5122449388615069
0.506031890282951
0.48511191446667795
0.5012975813508661
0.489254078731904
0.536082197516879
0.5211380107272597
0.5357316102982747
0.49527697731054743
0.5011628420713075
0.5049430110978415
0.5016797306104122
0.4821248992666181
0.4752144110753323
0.507360364705257
0.4946961344788203
0.5002699879478444
0.5014013188003614
0.5060548738255397
0.5158983741066606
0.4694346607366417
0.48010030514606483
0.5059192515571844
0.5249006668356686
0.4995855342455398
0.4931534934422115
0.49943016717953875
0.4950157070810354
0.5017300252167762
0.4990578252841367
0.4959271210442552
0.5114943300043492
0.48686636567884045
0.4964026403075773
0.5106958869006037
0.5193186428061787
0.5355995613629672
0.48068931026368694
0.5059858733158732
0.5171461041264928
0.5254686851878934
0.5036649491571538
0.5091977363287671
0.5191586144959358
0.5164837740894346
0.5080246100462634
0.48846255004993594
0.48445736082021323
0.5036189052121693
0.5203028481825747
0.5230530197482017
0.48584257690128907
0.49119492099935486
0.5035536112850987
0.4891247411586548
0.46291733023220993
0.5133023323499323
0.4925796437963682
0.5194398642440785
0.4845522511228577
0.5197009175992943
0.5210271049284351
0.48189490747675384
0.5344578630365295
0.5147095990451656
0.5120155275157017
0.49960308390978336
0.5062268845411043
0.5032489359823332
0.5078084793460454
0.5190524621469278
0.5147767997223233
0.5068868185803618
0.5367095033379331
0.4998520178818734
0.4906607241686383
0.47672445621074533
0.46549283732741525
0.5077242859214962
0.49062386756839477
0.49346110758057815
0.4977969770173194
0.5182445900500878
0.4726756754203097
0.5023819842617757
0.4857926957269585
0.49791774806060146
0.48944691037573024
0.49271693782599446
0.5005350119807378
0.491933443778084
0.4893461535514351
0.495500207470075
0.47726004283785894
0.4926960330457908
0.5218346850082153
0.4868144013031029
0.4979943117619582
0.48608407911130436
0.4831677502919107
0.4976247703286039
0.47213589130346884
0.5145908899201667
0.4975799671246483
0.468300239859441
0.497539008283589
0.49469417365012464
0.51287997289108
0.501196022019861
0.4989028100759605
0.5129990390913071
0.5059340759819391
0.5070001200983018
0.5083152351181041
0.47894000889962807
0.4971142019597018
0.519556733031312
0.5004324568542922
