1.5596009008267624
3.0337631069600293
7.253915298504165
4.772027342188512
2.144301557254604
5.749195983168675
12.142084266890913
16.569108674886767
12.234294888329606
2.8521224190494703
0.2451738733974589
5.541704932308043
3.110189185933683
0.6787079644756774
3.0796030628509112
6.233459907232424
2.6635196281112665
2.296119702151737
0.724302789488844
0.48301786146615205
0.6943436096136036
0.2962776908015435
0.14514832555336352
0.5760620860488517
0.4431967215140577
2.9939709683143514
1.239006276021132
6.425309304932009
5.74713403187655
1.191127406851103
0.7635482528993859
0.4802493099612643
2.962827555064452
3.1713251486709204
1.1528634330840648
1.4085927808286187
1.3578512974171093
1.7588301785403566
1.04542704850624
1.6199700919573448
2.7000175088271767
1.7644071633383147
0.545504787846272
0.4760500431620766
0.8230562763302288
4.595790519519781
4.037130315033819
1.8790227595657236
3.423748413160807
1.6297412871907693
1.5987247948941399
0.7533926053204647
1.3280547505213613
1.1069403790801107
1.131724091812539
1.9540529254923569
1.722458951391318
0.7251934401583537
4.343338005197864
3.5509479513381854
0.8008934672363546
1.3154918212469575
0.8163087140494185
0.5680146349942958
0.60826294721018
2.148059348846012
0.46391989688085306
0.44897527370380585
0.7076691961937559
1.485626795466144
4.425677353236458
2.3537693571640714
2.3550550236072896
1.8401935812203944
4.533256379766778
0.5029292892097125
0.7248446076567525
0.6906521724208985
2.0771781485600953
1.9261149222631522
6.693617227066913
7.887214094082313
6.0663352534010695
2.9777897114230587
0.5178295001556406
1.3260550448882795
1.3987482541867131
1.4623467295693517
1.2161345540110342
2.2125205573185136
1.7971198192792075
3.319999964119249
3.1871572342312366
3.1129687637310406
3.315808359040757
2.0992742527316377
3.298393510967811
3.354752690429951
3.0058305752115437
3.919184295962209
6.603770867039191
8.214702711773395
6.593508824113555
6.600299616835523
4.7015371268468735
8.593874419033972
5.692998052556437
4.666553133803391
8.62835805239038
12.60472019257267
6.943761399181295
5.181010112249891
5.341283591304582
2.251160998462345
4.370860268929081
0.48896423509693165
1.2098248020266034
4.928610205184685
4.1882053433489705
1.7694009639546555
2.5075110236942333
3.463330188912774
5.961939410942365
2.733557657706284
3.964673455767815
3.730410007651169
0.5592893913343446
1.5761999869454508
1.5877827391884816
1.8930755199243472
0.3205906090993305
0.36686868470405765
0.32594535510385825
1.731427639094037
2.0399096748126913
0.460958581895478
0.6389291444325245
0.5385158565156543
1.0888614699875725
0.5268971686865808
0.595954953374062
2.2364861120193247
1.0512095321147548
1.7420051071236227
4.210031435000459
1.4038296267113857
0.44493375657843215
0.23972143832570436
