0.48668926890297487
0.49032243104352574
0.4778187738609927
0.4877908196929315
0.4733121895524971
0.4413677589488628
0.4955411435336816
0.6938538014032519
0.5345219550855603
0.5530674237514603
0.5219874321148342
0.545446640389323
0.5049328403767549
0.4629286669784028
0.5073801954170329
0.5682069338273203
0.4699106739797304
0.4913641354723825
0.4744946552102942
0.47622220581855
0.4550648026353326
0.45194564224762873
0.4960875802504756
0.43874918695558224
0.5780539849358434
0.6230066480406924
0.5296987795726739
0.47219345670762836
0.4974378128319802
0.5699919612086285
0.4361347736702811
0.5807879379472161
0.48637816338340545
0.4869179185971757
0.501427797921383
0.4383482137800695
0.5491919145775762
0.5093117415652716
0.5233266134716104
0.4905547546710233
0.5541279793457682
0.5231992705844618
0.4710130441283718
0.47739910177981415
0.49512009875671653
0.45267267639851183
0.43793461520443544
0.4713074405886289
0.5192792551141702
0.49445883639480714
0.4604127111757657
0.5157104187387904
0.5396151086261773
0.44542332352568453
0.439181220727188
0.5175475978194618
0.47873191174159613
0.5006361947317793
0.5942590829528785
0.4905822903087574
0.4653870467673892
0.5740661256603846
0.5788035331761762
0.5731389730160197
0.5766784473712403
0.5029718096099475
0.5167987739849969
0.4704288355425604
0.5061395779043153
0.5215524793954762
0.5424539632163863
0.5082291892253488
0.5598008394703413
0.5192602883375059
0.5001329421507807
0.469891617559299
0.5487524886135566
0.483535358465067
0.5571843710966289
0.5377825098536345
1.0326771449574494
0.5903118382584853
0.5566671120738408
0.4486632149462173
0.5988813367694934
0.6060122995608447
0.4895906217409754
0.5686110225034622
0.51411001235203
0.5305123196520595
0.6107956702432148
0.5666020217635003
0.4896171326657259
0.49125552616499135
0.5533037877529
0.5984239764872393
0.5435091073923581
0.4999705352786543
0.5782833533021062
0.4462647677561415
0.49049480627266234
0.6309024461154388
0.5473806952362463
0.5077308639540752
0.5419866682276404
0.4697538508202729
0.4984078561345814
0.4789570319780069
0.4429909689583883
0.5158845920029159
0.472612874731966
0.5157238972834648
0.5215546112930463
0.521391854729195
0.5294955106947793
0.5328105692086683
0.4738676157569364
0.5590371129051426
0.4808625484664003
0.5664088146233417
0.501802122931332
0.5388287894563724
0.4920718049925699
0.5721911442389966
0.5173806333413153
0.4712181105082482
0.48474299425483763
0.48279369275139744
0.4332971200433508
0.4872491251629026
0.561998689894748
0.48501877824363304
0.5761340771093808
0.5904205881694372
0.595671556983832
0.5291211304317927
0.5414022154907298
0.5023984087736721
0.5525683504902008
0.4383350167764479
0.500999572528899
0.6631355562994554
0.5423666681142936
0.490988765915929
0.41895945405850626
0.5711447282192966
0.48286950085075886
0.4859565385336714
0.5097684178368082
0.5656635053571449
0.5418597202459228
0.5122466637144657
0.5269881682547021
0.5201301869606277
0.44696280667520566
0.5397883641954764
0.4842031219847718
0.5342984189477488
0.4889896490424735
0.5831330255619446
0.4511314842692718
0.546404238875541
0.495852207896869
0.5228632451413182
0.5013155434283771
0.4348733118381301
0.47607108544591936
0.5150628187917619
0.5542973895123373
0.5063906941750043
0.48541721750234273
0.512894388919758
0.5235198054461512
0.4930179144423278
0.5184695395331892
0.5116654243816265
0.5197505612900796
0.46044504329099484
0.5140981478502841
0.5436991052718873
0.5562487456759777
0.4727609801577705
0.47736406797398556
0.552188740813142
0.471887679084366
0.527032672637572
0.4605905568121466
0.5647429668191626
0.47536337982523263
0.5577657937548043
0.48032387098849993
0.5809521049643513
0.47705242353541055
0.42503212202893564
0.4406252229611982
0.5475665567984106
0.43253503538436233
0.5134175642918422
0.4563169605956023
0.5039039778753659
0.5542537939194085
0.42246176732492585
0.483531613359919
0.5339091362831959
0.42638154644455883
0.7008245512606095
0.49400358345947326
0.4984234631299296
0.5364800538075656
0.4484203523472479
0.4704948599297768
0.5157398093118217
0.5632112254578624
0.45786452735795136
0.5386609563364573
0.5683204864036656
0.6540190427801145
0.5776033327252753
0.6016257034318255
0.47858664091858144
0.5026033108362367
0.5346241973181236
0.4898129589097698
0.5026205415352024
0.5697681910323127
0.44204929405816756
0.5003839717095093
0.7245782722899707
0.5477796191435732
0.4635087490068531
0.5008737104768397
0.5451312819659233
0.4577074230731637
0.5146476713787456
0.4594928698383683
0.5163272805732981
0.502102534736955
0.47670897354879344
0.5150127827377264
0.5122110581408696
0.481677060600407
0.5620862852300457
0.4512304186005281
0.6095576156138668
0.6333459343789377
0.6121569414158011
0.47988447335520507
0.48350544386282307
0.5889820483649418
0.4777644381794198
0.533844951354713
0.509116278252402
0.5073600382157111
0.5088124037176908
0.4833189020981172
0.48112944714869854
0.4754885411124701
0.5321115269803477
0.5073032938749316
0.5142051613215903
0.5009942140279054
0.6098184075875224
0.5981013917761129
0.47204941264238415
0.5687308548932538
0.46536637199554887
0.4556796268908488
0.4393963304230465
0.5313618275003068
0.4871903757398991
0.4669162285073867
0.5746448496759149
0.48940771483577916
0.5077648846248803
0.4657819084344192
0.5294014435767668
0.44477252440947496
0.5200230471181885
0.5290139866140544
0.46881814094492485
0.5728729414602117
0.57330824697573
0.46921992406736535
0.4948073491519449
0.5313712395634752
0.4542367196542568
0.6222131264440872
0.5085782367238472
0.504418949739711
0.4732578786067529
0.4971162936369046
0.6173318069089533
0.5276471256503646
0.4685338695606947
0.47245229487691176
0.42916007655380556
0.5249241556667266
0.43122591828732537
0.506450745613663
0.5530734523737897
0.41952590779060983
0.46510710075637235
0.5198303599980136
0.49272434908508556
0.4809513720851328
0.46977393391089434
0.5169431789613099
0.513424876718077
0.5084068689387391
0.5304081367740833
0.4524313267199909
0.5465268032420977
0.7550856476195099
0.4764706742754356
0.4810468482174224
0.5332809162820058
0.45879396887076834
0.5065984615402909
0.485103681320013
0.556770401716185
0.5005941803323549
0.4922115285922837
0.5516743594766512
0.5522931525130435
0.5916727130385562
0.4801659636485601
0.505787740068763
0.5168656979098887
0.47797864119130734
0.4769492700043702
0.5134229270181868
0.4815433273554208
0.4340202184517693
0.4858885172065584
0.7989498230477966
0.5539955479289028
0.5604051321875931
0.5653297788653071
0.5550619496288483
0.4919854552047536
0.525975066234846
0.5444496798574255
0.4527891220347647
0.48687228804443294
0.42908031213479264
0.4906318855772224
0.5129056029542471
0.5892811156441575
0.49172311334767527
0.511338008474404
0.512841835457607
0.4481806295964088
0.488302244328147
0.47227960911503486
0.49727109188811025
0.477308235112896
0.5096234101074151
0.528980943480542
0.4639291240664306
0.49995540223002083
0.4392617594734338
0.5395385100134809
0.515877121338508
0.5194111787982092
0.5326579103162657
0.48538030341994726
0.4171393378524408
0.4903028495698345
0.5114863181097326
0.5172430590637214
0.5303046666838008
0.46132146274686875
0.5478048457431032
0.48579599997273815
0.5217775619001986
0.5642112827789287
0.5761855101435367
0.5945394592652156
0.4754317357704849
0.5268705245244518
0.5996369302128778
0.48789707644547436
0.6087872195024556
0.5422470645385192
0.5315265715880924
0.5223121662331869
0.5381393540069712
0.5236713777120212
0.4834126480672012
0.48273012002274757
0.5155483852595307
0.46669484489111257
0.5243527830733364
0.5738695857444555
0.610995896213617
0.5422346427537968
0.6200778674192042
0.5537048275778943
0.5598122002356786
0.5635830828169083
0.4556897878217933
0.5378501038921422
0.5288561439816248
0.5445570357839596
0.5833690335244682
0.4325050361044987
0.5093284642961635
0.5564294237345484
0.4901013056051306
0.633180309757181
0.566430213689714
0.47920648515417724
0.46333325216040067
0.5284739706702613
0.5327363609709892
0.5235842539711757
0.46106124135505977
0.5352228286943227
0.49679765708017387
0.6277039303917945
0.4648759135533328
0.4826721699202017
0.48871688018748954
0.4963037783746904
0.6064690077757132
0.490063415137497
0.5011223391106978
0.5883982079812722
0.5402413041477439
0.5354749196576313
0.43366968232586717
0.49411647611626447
0.5748254788883697
0.5371439941865629
0.5501676541963525
0.42883885498171365
0.48601492870595847
0.5190445536579137
0.4840915349000989
0.5229677376421205
0.5044268960033196
0.46787600654192374
0.5038700405707687
0.44595971037787874
0.5275384457069595
0.4742440261769025
0.5103399117766821
0.4445372326087863
0.5236538252315222
0.521872417430277
0.500204707700359
0.509333754787076
0.46552875860560106
0.47628945012787427
0.4850600373936095
0.47575443602781886
0.5599339450833349
0.5905155568860937
0.4855978705762709
0.541525929438626
0.5280882064629441
0.5166957046418338
0.5697530518526446
0.5216033298770799
0.6256577063017584
0.5376460500878284
0.5523567864489132
0.5602540981149651
0.5624868475446511
0.5930349556790543
0.5504427819785905
0.4966310651247659
0.5564981048473555
0.5178619469047362
0.49187626685829855
0.479273256511824
0.5278380112104151
0.5074404558808601
0.5097765548276084
0.558889110008895
0.4955493218737047
0.4875456156464406
0.564202559905716
0.5623635445805394
0.49445206191775926
0.5480979093798259
0.5290706059129298
0.5651929867283798
0.556440579094542
0.4956758671489206
0.5531940357766553
0.5375610077536658
0.541524892995867
0.5109724504780888
0.5530598222696562
0.5606121365227819
0.5273399072457278
0.46167203290505765
0.5189542082600382
0.46168216980570376
0.548790333648044
0.5046531616723132
0.44903334363110387
0.5452124159231289
0.44183393075413735
0.5282881099653832
0.5015518785624181
0.5071654787745865
0.5116747320337254
0.5833482934664835
0.5490021129371052
0.5436139426543423
0.6124983268768119
0.6494078500648948
0.4896123624796246
0.5310245190137585
0.4795436562421355
0.5295937129224331
0.5884682154378015
0.5770170596376147
0.6118098444504949
0.5960337120529356
0.45441395640234533
0.4440346688531054
0.5142446798002811
0.5307609242978424
0.4910382116927485
0.45078635455570293
0.6875887699977374
0.516104738292206
0.5294650460020466
0.46313062128198906
0.4771775819079494
0.4799384813793904
0.4936496889149794
0.49826978018315915
0.5352667943413008
0.6251406348113869
0.5761491216207741
0.4941669167992313
0.46209378794184885
0.5746349314634744
0.4522800503134613
0.5591249475280756
0.5715172910244246
0.473693713846892
0.5242284716724316
0.5157681187025309
0.478548553648493
0.5222251849114536
0.48851541417988303
0.4887639108954772
0.5743386260217949
0.47439083672406923
0.5165577859669657
0.44943561607801713
0.547814324486576
0.5512293831826355
0.47978593804218234
0.5217914724405955
0.5066242686396845
0.5260612599227806
0.5979405181773382
0.5817954066578886
0.5497949303931228
0.5070027112704565
0.5394423384136416
0.5147747908063138
0.5274030205748158
0.6015612835460069
0.6642472716218254
0.49133167661965216
0.5750381786842262
0.5258330982139933
0.5653923987611688
0.5521842801449611
0.5191469603450333
0.5307332452658011
0.5345562695617991
0.5423589766126679
0.4537807922339243
0.4939531627606857
0.6648006709109677
0.4539081277344167
0.5197351858660204
0.48909046702514386
0.5128111954292581
0.5465272452237332
0.4946201891162627
0.5716379148539045
0.48961965137875724
0.5075841626870033
0.5426557247068012
0.47024372561523253
0.44258121227087033
0.483499477351761
0.5333900164678699
0.5353881859463582
0.4748143845799541
0.5284685086015952
0.4563381119004862
0.5012964688758348
0.4597238870239926
0.46972798345121647
0.5491331768954569
0.48590748515174254
0.5267025733871378
0.5204783879000979
0.5638299023538912
0.620763329283077
0.4483634370901609
0.5727615969651287
0.53774234105691
0.4851121484476198
0.44794465282243434
0.5096722670782537
0.5548728971127912
0.4439034644095364
0.6513349868208342
0.48460826421494857
0.524970222650345
0.4374272820663373
0.44993243427557444
0.5210343648061325
0.5430934268427472
0.4943709280471603
0.49025212191528683
0.6258579333809894
0.5330412646941113
0.4551668321240686
0.5192001825384522
0.4728701619210506
0.5464475592365033
0.619262016083544
0.5218548982280982
0.46546997638263293
0.4920563612489559
0.455360597257436
0.4908768142459985
0.5054152736620108
0.5119435272481132
0.4811074185401958
0.5210081246485925
0.6467946830420805
0.49900590974470105
0.47322475415807275
0.5854630538863875
0.42255505597179766
0.4644824041329639
0.5124742762329515
0.5365250388000186
0.545726429008264
0.5483944757854579
0.48747909324391003
0.49862139616551304
0.5889357503594601
0.6374538006468401
0.48378735127888833
0.498195601999355
0.46395148073029757
0.7138051427717346
0.5647865412645706
0.5191562745685496
0.47380205630263844
0.5593648405290651
0.5689583527738569
0.493015374401366
0.5620352122408258
0.5203026595384608
0.5050786593584781
0.5303339629657785
0.45143297921694736
0.4800189088282377
0.468680209792642
0.5257869109366402
0.484136943780818
0.5751960863402337
0.45326705264385964
0.48982282887699513
0.5484372642517519
0.5061777506386579
0.49469188882254456
0.528506713664974
0.5608136401616366
0.4739150797936281
0.4806261783494074
0.5651657747518948
0.5023054565989059
0.5020793121323186
0.4696625471572679
0.6091603603422027
0.4507467787357928
0.4289575354770022
0.4964017003503159
0.6018507305409002
0.4706169854760174
0.6789144330738145
0.5013141659946814
