0.012232535849084165
0.03409255902698871
0.0
0.0
0.03822383336601673
0.00994529437982981
0.0
0.1173748235538601
0.044812111605962955
0.02050674208806824
0.032230808113963644
0.0
0.030549219754893463
0.0
0.0
0.06809837004205097
0.0
0.0
0.027878350182771974
0.047803872225481554
5.121407579379022E-4
0.0
0.0074351691147478815
0.0
0.037678955343259234
0.023466005519442758
0.03518360120183353
0.012824650384660465
0.003835892437841699
0.0036803842216636975
0.012001349702147914
0.10484106530042948
0.0019788199119692607
0.0
0.028982361648639356
0.008788945484306287
0.010739040512290571
0.0
0.03836502694766566
0.0
0.04943341750469739
0.0421197625575137
0.01332771256428667
0.0
0.022143635158814737
0.010524126800238483
0.0
0.004185387948909316
0.010562927209984823
0.008724436086823464
0.02159395514075967
0.0
0.014160307071652455
0.01742375554926613
0.0
0.0041692908426087215
0.023894333163600016
0.0
0.07786041266040244
0.028883262991189332
0.0
0.033441419987356155
0.020329671607574307
0.006821041576135341
0.0234737426025003
0.05617435820936005
0.028105514283213395
0.0
0.0
0.01392081096132835
0.04350312515127916
0.0
0.02481902376069362
0.041082453453423186
0.006818439163314083
0.0
0.003386676361037315
0.03746335200331666
0.055717867952851066
0.02902557795904588
0.43645336533030493
0.0583057986375818
3.808104736806639E-4
0.018476288734142837
0.03694798067575866
0.09033821160382503
2.005436842997499E-4
0.023762911036016892
0.037964125161802385
0.03960600629432035
0.04924317977631836
0.1042278107981679
0.007094425437448124
0.0
0.05182980563114295
0.02454063059510511
0.08683333989098826
0.015546704620999288
0.025157772926526406
0.014878375061972045
0.0
0.06258618102682137
0.03662743602013507
0.0
0.011546539221466747
0.0
0.01905802777892423
0.0
0.0074460177308521705
0.022187181356693984
0.0
0.03627115102342472
0.00927118628240951
0.0
0.0171575208866316
0.007761603557995577
0.0
0.053341155413267775
0.013847445542715527
0.04690071308640949
0.0
0.0023489979846079657
0.04615439907619381
0.03976531610262343
0.017335656907639354
0.00462099095617329
0.0
0.0240527513639823
0.011256377346792669
0.0
0.059461812824294656
0.001578933538925269
0.021201695575937773
0.02317734539990566
0.05703014330916522
0.0035641246483648723
0.023977880694771532
0.0
0.0443272717276194
0.0017688120088957505
0.022427167668882798
0.0536526432325792
0.06918320376444372
0.004046178954429087
0.0
0.05549592515032547
0.0077534006652378775
0.0
0.027527712271107615
0.007477724440475511
0.028982851905418498
0.0
0.03546236429299353
0.02498634656576794
0.011650219660582405
0.049684549417219975
0.008595539585015483
0.04349441268135097
0.01269139112782149
0.013661432961330036
0.008270124666865289
0.0
0.0434877619153534
0.00400827655147261
0.005559745868173014
0.01367862218556804
7.160925439266209E-4
0.0146482971370756
0.044472372939812904
0.02381593862569157
0.0
0.007395998036251736
0.03408309885904979
0.009464380160610712
0.011692246396893822
0.0011382599403010384
0.02247039934222555
0.007721696904790933
0.014333145240569296
0.0
0.05665317433193347
0.005042499277408244
0.018432587916531195
0.056361505011682834
0.0
0.026932802240176842
0.0
0.044396739649540155
0.0
0.03403629429574909
0.009743378808744922
0.02514228039810262
0.01692908950833746
0.0
0.0
0.038528215868215095
0.004859967568698415
0.004436792563284237
0.0022455890444977645
0.024833545669782194
0.008635831122658262
0.023498736279293806
0.0
0.0071878773637542625
0.014557066279539024
0.171486492676001
0.0
0.007490334812394632
0.0355749116098649
0.0
0.008151331107338481
0.003569683904371175
0.0
0.00907400432456506
5.451971378361265E-4
0.014305302902590734
0.08636253739022912
0.06407434592897183
0.06131239714227843
0.016380701506837507
0.01227624491404224
0.02856473355322926
0.0
0.010384881794103977
0.01588387115251639
0.023188393554142532
0.01489279270574472
0.10181724647137784
0.08725729416259777
0.0
9.942055244337932E-4
0.05007239921428672
0.0014862743231925579
0.0
0.0
0.04005152911128221
0.0
0.005103183429242284
0.0
0.0030843344424973207
0.0
0.10562680991016193
0.0
0.044616278754141654
0.07695709406524183
0.12089707711753914
0.005238765881619667
0.0
0.04831624294358927
0.0
0.0022481140097218156
0.013833601860411928
0.04997922061636302
0.0
0.020085728772043957
0.013305206906417948
0.0
0.0
0.010546077412220462
0.05026818157054327
0.0
0.11613232603647994
0.021719724639283573
0.0
0.071748043651412
0.020736283981846584
0.021357313980112952
0.0
0.011909357567651773
0.0
0.0
0.027120549016629657
0.015454493035639087
0.015514886060303112
0.0
0.0304761181107812
0.0
0.02530797334975534
0.04637366511313425
0.0
0.04060713573674472
0.0395903567838876
0.02664608901954959
0.007446447504089737
0.0
0.003139868782881634
0.08951864685566494
0.04483312769035924
0.0
0.0
0.01598134917213756
0.05315829466453732
0.018562848347838026
0.0
0.0
0.016855666127896362
0.01233864691913571
0.0022216663284516745
0.007955701348123415
0.053873942967783674
0.013828143599644634
0.0
0.039980301483045995
0.0036693833732286095
0.023331085399147636
0.01671033260316151
0.0028794756578978207
0.0
0.012749596582901424
0.011521024548606991
0.02073334109083894
0.004911601853714722
0.19097550177137762
0.018579877440009822
0.0
0.010021252020985685
0.04509398625638996
0.0
0.023983509324740023
0.017166127111700707
0.030609030892142508
0.023832684332217934
0.0
0.03181295382611479
0.02513983711044771
0.0
0.01914862231358456
9.547378635011894E-4
0.02273523693222546
0.0
0.023987462065662463
0.01393998521565357
0.0
0.004775424978119904
0.24200332378778122
4.68030385083118E-4
0.04614631487644345
0.014075688391860136
0.03831547885811944
0.031156402933327953
0.0
0.01646432795720839
0.011895466620656134
0.0
0.018317948847308675
0.0
0.06067439488470607
0.0
0.052495585159107086
0.010022588204996335
0.0010886869628854079
0.0
0.0
0.004705437022833325
0.023945855107788197
0.015887151868614682
0.0
0.01873991480730795
0.0
0.0036049993770857734
0.009407417221053307
0.036705284396910974
0.024062186662228927
0.0
0.02980644985050573
0.013892262173860614
0.0
0.017114564639477216
0.0350362771545203
0.04143715722601745
0.002474099862400738
0.026770872328476077
0.0
0.027579164110520617
0.0
0.009815063463812503
0.04420532544663915
0.04346575469465505
0.021114457327238413
0.02474924468409702
0.052799518144010855
0.0
0.09301578448962874
0.008667141218632546
0.05126846804319286
0.0
0.018784230452976277
0.0
0.01985992479316948
0.010029881225030039
0.0
0.012173840239381395
0.025087675396036287
0.01749895961981574
0.04713653653815192
0.024143304509249494
0.034134999801283566
0.0
0.0
0.04185577669953061
0.0016415667650217357
0.01107103976959885
0.03021732902370038
0.03994521344481674
0.05794880586565862
1.779432158336025E-4
0.0037259620726749886
0.010742908834101951
0.0
0.13193479181462583
0.003526922013312115
0.0
0.017465489207641998
0.09041019084402108
0.01947249484517583
0.015808085865576763
0.0
0.010048063806562962
0.0
0.12198876116471434
0.01662284991172677
0.004897019153678928
0.03739813459732966
0.008029707073834245
0.08019742742859044
0.017183203204721883
0.0
0.03696309220297702
0.0407545440252731
0.024600799884129623
3.6901642839513025E-4
0.0
0.025981186574174496
0.0256795868852425
0.009298426845857426
0.015543878210332896
0.0
0.01782713791431632
0.00971639967190439
0.0
0.01709490821665676
0.02418780300888117
0.0069310496853274995
3.260645044352506E-4
0.028340759145433853
0.0
0.06170889240290145
0.0
0.03022911711280812
0.0027503688935020688
0.0
0.023299511845269353
0.013970276118097624
0.0
0.0
0.025430705484496753
0.02036268350158461
0.05830332595315113
0.02311494317678302
0.03110228910522153
0.03646187107475855
0.0
0.017286197043278655
0.0
0.12233264261567324
0.014749597529172114
0.045080954890760826
0.006052439822800215
4.935011570387004E-4
0.07462312831542342
0.029000900387125893
0.0
0.010546614136499209
0.007255312484116776
0.02256835296502711
0.0
0.035675763405646495
0.0
0.0
0.10166446995601419
0.020111638930658992
0.0
0.027464341540016285
0.04493693273568932
0.0
0.03201333622569046
0.0
0.03351765956376883
0.061044609231470134
0.010389704261775226
0.012459872797873462
0.04116026331603141
0.029256143000708078
0.0
0.012645320447912277
0.024836161073020033
0.012673509283111244
0.0
0.030208814849009266
0.0
0.046412868520942646
0.016745356826485907
0.00599263942468308
0.024457961101138955
0.017185682224892303
0.0
0.02845211071430529
0.003203300134914677
0.02161341011304676
0.013034209739788718
0.0036787040486558633
0.021266191769638124
0.026501318796216006
0.10941489855609675
0.011067701087095481
0.005569502607550598
0.02166399157021067
0.0032868564805134605
0.08316671397548994
0.008758921223340418
0.05269152618668798
0.06324383273987187
0.0
0.004755969227307641
0.00820356917020994
0.029174230913263387
0.010182785703781257
0.01994293110856267
0.13963462403803542
0.00869619034875904
0.0020685833906928684
0.022583852502983667
0.0035908747782193817
0.0
0.01787723600652938
0.030688802258940065
0.04224741496949872
0.08382632134463133
0.06116245648795906
0.010064059976979177
0.009326248291629681
0.0
6.952896669803721E-4
0.06898665927726445
0.021974142698033293
0.023843202223357927
0.0
0.005260105380573741
0.011225145188306472
0.002169184806580775
0.028133174140868546
0.0
0.08985601234702913
0.0
0.008067443578802624
0.0
0.016171640526653562
0.042243246386639566
0.0
0.027882158725226643
0.0
0.029046859659771985
0.05290542933908469
0.08454604130204357
0.0020304382999023485
0.0
0.04637852597792826
0.004357983264503726
0.003100940495817568
0.06178801713857533
0.10989219831229535
0.0
0.07581812129194118
0.028340115675897087
0.007240530827554616
0.04018682535665789
0.003842336909367825
0.015473755131743028
0.02486571948683812
0.0
0.013254551929049603
0.0
0.08066600126708316
0.023936178741922696
0.0
0.0
0.013280945425012894
0.02925335595549397
0.01187634180236583
0.03973886921496314
0.0
0.019827050028691336
0.001671808414947833
0.011517489941764434
2.208428063775747E-4
0.0
0.04579840854432284
0.0
0.0
0.01600775499443458
0.017638295034645333
0.015304200598283559
0.0
0.033042610934898124
0.011907246956202622
0.0070321724964956325
0.0024839049610417296
0.0
0.023992423587914362
0.08535653977800198
0.014110434744549453
0.018978273635808
0.03221028466267341
0.001149435828305574
0.011643488441939272
0.0
0.013729216557611732
0.0
0.11607535545714731
0.0025681443761231514
0.007902895317948425
0.007319216603950172
0.0
0.014553310086752117
0.008232604194757277
0.011961888875191456
0.0
0.058190412425082945
0.057784942278884914
0.0
0.013334088786419729
0.014747218206002973
0.0
0.054543027559630995
0.03814974952003396
0.0
0.01940144689171021
0.0
0.013829418707129743
0.0
0.027952330286001335
0.0
0.047540916742026464
0.10561362928094255
0.024640233545679294
0.01954737309300503
0.04752200260442294
0.0
0.018716848795420505
0.0
0.018321250476217292
0.02273216090947791
0.0369358754101627
0.0
0.02803201524743923
0.021857762432049663
0.10103312083028795
0.0
0.014041068715565225
0.009731727913786953
0.08302565027396301
0.0364449207975765
0.019725302517869595
8.592098507959501E-4
0.02039712391767542
0.06343619870790136
0.027134707385828502
0.0217656795684638
0.0
0.03077198313419011
0.014537795399728614
0.001975411253545585
0.0
0.02735193332898121
0.009393859390011108
0.0
0.04997740133554103
0.006490415972051533
0.0
0.05943135219800369
0.0
0.016466177656678623
0.010775990668664503
0.0414744323401635
0.0
0.00961015615836179
0.006934635506973237
0.011351901229923063
0.035745740566461265
1.7187499438550802E-4
0.046604398604779246
0.009282049042866766
0.01216917283405782
0.0
0.07715141095032076
0.0
0.18037939276966344
0.013705803505606618
