1.0147585230016543
0.9864768332108966
0.9416680508894092
0.9562413596918995
1.0329557517713852
1.0596213930772527
1.02593981251169
1.0031705775650273
0.9939265039794023
0.9851093828527563
1.0458124833911264
0.996822937996805
1.008717307432113
0.948520189287346
0.9585817163052477
0.9745206403878077
0.9566041823785694
0.9854807708028415
0.9789721787671073
0.9912521814165157
0.9918883281157793
0.9956439742312895
1.0004636116592205
1.0098672507894009
0.9952850226232999
1.0007044789695587
0.9899038299892348
1.0583304075365347
0.9597973954713214
1.0327097563282914
1.007003044113667
1.017706910953715
0.9878162489244144
0.9910046533114658
1.023615049556552
0.9772632654018217
0.9756203453412329
1.0105706099536915
0.9417358218197428
0.995562835526316
1.007304892306074
1.058776285403755
1.006301872676966
1.0329692558005765
0.9852521114934801
0.9973134434192508
1.0256263118819628
0.9747420552151448
1.045441236525101
0.9668415946063308
0.9953474851958033
1.0068871645036908
0.9804788742201179
1.0093523658662522
0.9724610632545014
1.0239158204954661
0.9600938494794332
0.9629218664048655
0.9693559903204774
0.9840723262092747
1.0095351340813745
1.005785360327063
0.9821585377017059
0.9947946229765217
0.9862548191884429
0.9586591737009219
1.0042269430125526
1.0161626227518534
1.0094009143860512
0.9882453125805376
1.0283862181733456
1.0028548155733619
0.9771473710084875
0.9555597084205631
1.024760018669137
1.0311525288283057
0.9803309659055928
1.0576943214658954
0.9950558916733845
1.0515233122208412
0.9783710552380389
0.9858342335163292
0.9972870979192642
0.9722781372099776
0.9243711457417555
0.9741573569619124
0.9938321010609515
1.0213012050941868
1.0106863507724688
0.9850556481990735
1.006666293789743
1.0126860098451118
0.9840362955731867
0.962637723453603
0.953893500046538
0.9536719787257248
0.9541280831829945
1.0100759976337992
1.0036978030079615
