0.7727258200186202
0.7811995005755874
0.7963267635589448
0.7777492492172089
0.7951841543440773
0.7873981084279238
0.8213360770545859
0.8069741136109727
0.7871435564897963
0.7431691849849433
0.8035542481269122
0.8048317355728385
0.7900985171009256
0.816461769531392
0.803666993120997
0.7717232300746888
0.8272487368276712
0.7823192348870606
0.8133417463931212
0.7806992884624562
0.8157321819498198
0.7866913889550563
0.7770998880381536
0.8499537637797911
0.814075927332233
0.7846258848112636
0.8174934768302357
0.8206143504049672
0.7630616062680602
0.8026613639269344
0.7971190294560719
0.7841192678037502
0.8118040729793907
0.7822497920144693
0.807378302775386
0.8153908180564793
0.8248333033404525
0.7763352993751222
0.8112232544630391
0.8079303588332336
0.7915454539648046
0.8158879481469196
0.7976412295041958
0.7783230381340792
0.7843971229770694
0.7821203532643082
0.7721973718992162
0.7482611715384238
0.7969463245620074
0.7894270862497225
