3.5176161305823768
3.213986807549548
8.500229559896347
6.242956956597213
8.017641630276014
13.33595650479041
5.549862958285351
9.56274904102473
8.403155009549543
4.051334895176459
6.014571181645637
8.072436121123966
6.95252831589813
9.627553228655685
17.059135959404088
6.339378513433015
12.823932264233523
7.346190938311323
5.172840911322517
5.5065954009851295
9.914881822596923
6.91258506255808
6.3125582552619335
18.818480548650584
11.724484517607761
4.425566858860542
7.021970862758421
10.872912477517561
3.1512871376990965
10.536751648574395
7.234884700287013
4.175795990715443
5.815095276540051
2.7730636552041457
5.159246608854016
8.120055057016208
12.423065330592838
4.84410730225791
11.561393688427696
16.798994191846347
17.716816301192463
9.057095251922835
4.392027797218994
4.657613131961735
7.121015798055119
4.390570892763037
6.606276340604115
3.3466800192011803
3.929196517190544
4.4538865307657325
