0.3004774742636256
0.30543583859523804
0.3085013506342503
0.2945565334188659
0.3032338017781964
0.28526235872867556
0.32328008160198396
0.303098406872648
0.3090288725547608
0.3036879177106769
0.3087761422710598
0.3019892499102881
0.3087711393927645
0.3028399902611232
0.31079847411048767
0.30313578168371114
0.3020728108030881
0.30730341129980476
0.301969235510395
0.32459809322994726
0.29915378614729426
0.30806738490844
0.30307158053355854
0.3336714457201305
0.30041704980968875
0.31578144453940227
0.3036615120830608
0.2857006069542216
0.30140994646227326
0.308619120126137
0.32113854913281137
0.3177082490690446
0.3023952878852214
0.3139055087092273
0.2965264691546048
0.305774812488413
0.31227639001429797
0.298480277087966
0.31733407642886236
0.307907608304985
0.2866421396998975
0.31712951936853884
0.3020932343831737
0.297979389104265
0.30484067312095275
0.3206987196313744
0.30134410796271527
0.2951115416322889
0.30240230660165524
0.2925524679649367
0.29139361020230004
0.29925865658282635
0.31603466935752245
0.2988330744250671
0.2978256071694063
0.3120936484921537
0.2999533778887824
0.3282660258797012
0.3060616902979527
0.3122716983188565
0.3030117837959354
0.28712843939339594
0.314190172410874
0.31077691347061265
0.3155196221300871
0.3071483010358351
0.32487476071537236
0.30820153942736406
0.2991197529863907
0.322048662911786
0.2935198163957544
0.29422927440499924
0.31760316671088384
0.30194445875406517
0.3090306511342349
0.30162602833643737
0.29750191187682296
0.2988299018516072
0.29440338343708206
0.3046177243691721
0.3242435557487795
0.29872737918690184
0.30531519712499566
0.3003901920430381
0.2927048592605703
0.30573444490698076
0.29813009972808713
0.3146163376693951
0.2920013941943851
0.29629520267561515
0.3004989872710304
0.31405764876274134
0.31065530828509313
0.2921801139365492
0.3009135841401376
0.2986784880954776
0.3023012153700284
0.29374568844343063
0.30071138259510644
0.3161302550450982
0.30312070518042056
0.3329557557507554
0.29789071355831087
0.3124931528464696
0.29112223119494374
0.29577687228807026
0.29588943047225413
0.30824832635331134
0.30191604990640286
0.29204452991221785
0.3108172674968257
0.2953760486080865
0.29655446943354313
0.289397424825677
0.29110024937183887
0.2797080171064481
0.28781229173868983
0.30698824054254725
0.30301653795275296
0.31721781571624863
0.3086050699416347
0.3098999381966321
0.29528227559591613
0.31158433515509554
0.29042056090853396
0.29666519690217363
0.30426484598364834
0.33101834517952433
0.2961630100397903
0.28397850223786314
0.30042790181963674
0.30741577584142377
0.2950715147063212
0.29693239537939586
0.3059421995844982
0.2891521407580919
0.31177342608087155
0.30692946757305783
0.310158129664555
0.331245791584756
0.2998084251895854
0.30743815217411363
0.2909885653178854
0.3109519868280941
0.32197726509510183
0.312526714012618
0.2974865515847549
0.30793374285114794
0.3371765093405754
0.2989011387077758
0.30808147161402655
0.27873835999945396
0.29344440576036224
0.3040189446339605
0.29596906072221785
0.29835443236112447
0.3015206317811039
0.31240785590146114
0.31659633268151577
0.30754015127693535
0.3066199498576161
0.3162427630900595
0.3030154500940272
0.30216648886638175
0.29861934751534935
0.3101230716512564
0.3236454518807479
0.31695331270138105
0.2957619623848462
0.3256080175065845
0.31169525940592013
0.31560559728398463
0.3037416067023271
0.2887745213855055
0.29705456393011875
0.30264930192223005
0.2922003097373391
0.2915458772037933
0.31010624375833196
0.3050453585808057
0.3078511754954931
0.30137236509918264
0.30241981076179236
0.30921231178775077
0.2979283454527115
0.31313578075213044
0.3013555488900943
0.312511921809004
0.30643535007049927
0.3089425989213552
0.2986232573796279
0.3145123124662872
0.3183365203423225
0.3024575526136086
0.3052752081153063
0.2881191638440441
0.2957705042767387
0.304791568653318
0.29204815433556774
0.29810150312621
0.31806525887586545
0.2906622057630006
0.31435470190383796
0.3093279788278984
0.2970569002875454
0.31062382515619547
0.314474166446292
0.3062931793401962
0.3072561824456539
0.29329489417440513
0.29827779249413133
0.31491866111493216
0.28831053968096043
0.2965456556463426
0.3055066147542984
0.3160729183848936
0.30652222896438275
0.2979647136456567
0.29757299150557515
0.30237343008804984
0.3064407901501216
0.3088069097247619
0.2957283648934208
0.28932885734371183
0.2978099363195863
0.30954693154436796
0.31469441488054173
0.30457307589950666
0.30681464286125326
0.29642261569314066
0.2980043918333948
0.30291286342327517
0.31288552122751945
0.32632714261076856
0.3017035010280651
0.3074289569085753
0.300754218695781
0.30984011825341895
0.30629706245691324
0.2991155864533859
0.308076513931276
0.29306864630977714
0.30117860209324476
0.30880947825403915
0.30144253822985867
0.3011043838089549
0.3169489330683444
0.2977656047222865
0.29914550175423216
0.3002718685453374
0.2923727704194441
0.28903052703235943
0.30993000418193617
0.3059545184135981
0.305851721992612
0.3147119341435154
0.3185797760489546
0.3117413328705947
0.3168855874161789
0.2977015641379541
0.29955596584518496
0.32643461006350627
0.3004514871769022
0.2953728588977995
0.30667124036141935
0.30722728177478054
0.2888160829301363
0.3199286106354666
0.30835280736276616
0.3051204522475395
0.3192887582683763
0.29821357894931744
0.33019762703308864
0.32724775666890515
0.31814913192139294
0.30016322668478246
0.2830937991308531
0.30160873371098873
0.3235521798465104
0.2963887623737449
0.3280799873758333
0.30056327359264046
0.29993876581488443
0.30754898832937094
0.3002786834339801
0.31442820049954
0.29867778740362816
0.3054654593536128
0.2949379739138607
0.31590589643352907
0.3080223599250491
0.3061711698868059
0.3074786525870543
0.34636747432891823
0.31110228710070587
0.29909213755244757
0.3240557590210482
0.30128511772804956
0.31047212023160675
0.32310761745085514
0.31107027718978486
0.2999337772080768
0.29877583047753653
0.30439239754473135
0.30447245793640754
0.3228842263388305
0.2991477693301139
0.35801369484694234
0.2986850251193953
0.3171188762510493
0.2962467185599138
0.27595259374892755
0.30255850226969017
0.2850059259049882
0.30122708138652143
0.2954858862815115
0.29741308802503497
0.2869330036127895
0.28992585726331477
0.3324512734622669
0.2956713691401891
0.3091836440267386
0.30765398003108935
0.2895374920989493
0.29857677351701284
0.3024064018098329
0.31983779746639485
0.2963850548688942
0.32044225271049953
0.32619027664713585
0.3193224384308184
0.3157201858910774
0.28921099122660543
0.30086785272035854
0.2907228508377546
0.3042779285322723
0.2954090875062185
0.2912034246526982
0.2979997840557864
0.29062057596421553
0.3061567015386828
0.2977288161963436
0.29570754211578
0.30277258656887085
0.3054564093695298
0.3067135998685284
0.32828190848498373
0.2953768530561174
0.3178979251542735
0.30783574857728446
0.2870183800829338
0.310567838096393
0.2791965352665642
0.3085250497983161
0.29069258069715964
0.30395941297974005
0.30980062066574554
0.30971602471269577
0.29992457377443316
0.3045601993881579
0.30686664944455444
0.3209855352743993
0.3062245965222239
0.31771777924878997
0.3177455628051522
0.2939202639927476
0.3182523756553479
0.3126584476322538
0.29744322527117895
0.3198602395601462
0.31530945988844117
0.2991719280191951
0.2972173925000696
0.2980593442197801
0.31810299616279103
0.30611545945849983
0.3096436688060873
0.32392797666249606
0.3047149268345901
0.31173398227517346
0.3141849378507242
0.30175368018376325
0.32212987807408666
0.32146935367708984
0.2986355263114824
0.3007901707583933
0.29645904740584683
0.29674971282682705
0.3100501148246728
0.30008310997140697
0.29445982347948885
0.3134390904134534
0.30910959934603
0.3101002906652077
0.31221649828178144
0.30934600267082146
0.31923093168166616
0.3026753430325506
0.2988766942884986
0.30783829867386814
0.30244647626070886
0.2856125765559625
0.310305687788734
0.3130228181024748
0.3069372318948105
0.310416939873992
0.29295145508333675
0.2834623413213144
0.3059804942772253
0.300290500276887
0.31056944403394127
0.3086918357633941
0.29878817357034393
0.28956955284531105
0.2895391357334631
0.3314842381371186
0.3015818403573469
0.2851641156973983
0.30044356892159385
0.30298724062964766
0.29222077114809863
0.3169508374123282
0.30734663416862773
0.3126094750935664
0.3093704034207363
0.30122244617819405
0.2973219366785145
0.32217546815298803
0.317801551632229
0.3134058924627112
0.30218719098490965
0.2962081346998531
0.280333807675035
0.3184943867751109
0.32265203740029236
0.2925592300327864
0.29302364708848927
0.3129950257863605
0.31665370499385403
0.2892443779655913
0.34098458332669423
0.2975879012116458
0.29533814941574477
0.29593152046383153
0.31026748669848203
0.2926990301062773
0.29132587412541255
0.2878037525644288
0.32017092261187585
0.3074150925627279
0.30595484618967106
0.31032215411184083
0.3120215936465236
0.31360449592333595
0.31430606095352687
0.2982620606796509
0.3079562459105105
0.3196413466443282
0.30501802000083345
0.3001608263278044
0.3102294897332065
0.2970951604294072
0.3117856581491196
0.2878797829588784
0.30072782227282957
0.3184020453455503
0.3252482889249393
0.2984102941614495
0.30289283392191635
0.31019789363141825
0.2943384150939572
0.30660607284020003
0.31049618595736206
0.31417434958857626
0.29552030634490123
0.31088582279630117
0.30801868143858613
0.30900239168185095
0.32269367801508153
0.2994709877769921
0.2821351952010005
0.29130958240315863
0.2960877106256383
0.29040459016009024
0.3082421433161997
0.2981249949835778
0.3070340405539511
0.2816531132673923
0.30606642273070506
0.3068664385777886
0.2933026705260531
0.29150619893305674
0.29419811133863405
0.32137188732465205
0.3017698654654737
0.29721081762683
0.2982024543617605
0.2933818290580241
0.27801118922877777
