6.419784499329607
8.824214940085385
2.5377923803133564
1.8070691821249163
7.910372976837883
18.505912839324136
8.631042713730785
3.404400277316243
4.832363178891085
2.7168416039947494
4.483564037870711
11.385260938964553
5.028257210598236
2.042812853993149
1.5451031877017263
3.7298598781104197
2.474430056495285
3.65974061442247
2.3266297052072717
2.3939996295252093
3.651356896140566
2.5653845579053494
2.7388173449499416
2.545430809016457
2.6611229898853805
6.610519820987679
2.7606508153784297
3.1960888570981787
3.157046118424341
4.6821850176950655
3.7738731266173424
3.802437447362654
2.7096010509505906
4.426816926765932
4.236851394115477
2.5714291305855355
2.8407931044011443
2.385097600180881
1.8559573732162056
3.0573670689109846
4.188207279522548
3.3883830823693835
6.454393622153038
5.233472435273587
2.152191507566913
3.6836501351352062
10.662122261291529
3.174351382840557
3.9929900227202175
2.0768472577182013
4.205112124283227
3.0253314759599306
4.251587451128412
3.859768699080231
4.24395627338307
6.12752524748973
3.9082286818950003
2.6816579951940263
3.2255071954548225
3.1048063598708175
4.854174831945334
3.775842731233695
3.933280416498107
3.41078082936799
3.8864876503966155
2.6918877137018526
2.998501317908426
3.462206215251463
4.70662836069566
2.4317563789827368
8.0814422438301
1.7483579272400895
2.575304970563014
5.226909933052276
3.067257792558724
11.235221931106942
9.498179166885565
12.665913735499995
7.918695139881422
12.069375413686348
9.141261528582781
2.288574995951098
3.083813755119351
2.519985420806055
2.8522133836612475
2.432893264083564
2.79868704281699
5.218459754025773
4.763456884935952
7.917642585976395
4.143133955690313
3.7274148674995544
2.6624422564950585
1.7310377754814148
1.6689680282525927
4.988637888803087
1.9092744562497082
3.8149715038878576
3.2675172635204603
