0.001638812261155441
0.003439532506790483
0.00710159630569589
5.500384159706877E-4
0.0
0.00448140257112364
0.008867458840664571
0.005207031226811699
0.004365572024015416
0.007804804540272017
0.00514729611451583
0.003208504641649311
0.006731243591853082
0.001517986650666877
0.005470703169767006
0.004021474348714783
0.003763415938472809
0.003055275890569087
0.0022875102945949695
8.768643529888376E-5
0.00802319887494261
0.0037765699157168778
0.004557650732058435
0.006960899854710437
0.008367572778098787
0.00175377485333
0.004753027661509677
0.007951043579718951
0.003910435982175095
0.0036738787182483794
0.0035993488230226522
0.007139686451842795
0.003748098770617405
0.006461037658274396
0.0023768177958000264
0.0025020295331072903
0.00847291443532416
0.005262128668463366
0.02079431115190218
0.0025724553716573936
0.001958705794818081
0.004913084877292424
0.002966167606228625
0.0020037911690662137
0.004104385592362425
1.3451615288311014E-5
0.004386968300397656
0.0025097323290698657
0.004420620792171211
0.0022432967648405855
0.0022946470064456395
0.001067680079421731
0.0023647454296390168
0.005381053654808947
0.007173238366896994
0.00419532343653474
0.004412171602315541
0.009503934166340437
0.0044382133638192385
0.007076432843583173
0.0015552675628328974
0.0035229000191494275
0.001997955891095027
0.004837840005240263
0.001409508673033539
0.009011139863442878
0.008044866558020222
0.005336499531800789
0.0035489974820271525
0.011680261008902265
0.005594371172593083
0.0033646578112670363
0.010573473308017042
0.005550900926564385
0.009883582731891435
0.0039044174746428947
0.0021977210933923283
0.0016207895357682918
0.002784712444141517
0.003901126490949782
0.009070037348697785
0.006635229705866365
0.0031027365929537816
0.0024471899000479864
0.0028991415614764773
0.0012721156680686116
0.0021454262376661357
0.0038263885255614763
0.0020101178261692117
0.0026233205384131077
1.0782810424726091E-4
0.007023615495029657
0.013633716815055902
4.2641292600293854E-4
0.0070653001408357875
0.005060407832655434
0.0032853223932619753
0.00239143884424578
0.00444477190188762
0.003492874739982728
0.004193136990744903
0.012496056486773398
0.0046871805475803725
0.003226151572332886
0.0019570507484347535
0.0014264465655538967
6.253129513340769E-4
0.0021611291319486546
0.0056050396978685815
0.005738642401529739
0.0012008000237947215
0.0020844744858769977
0.004450497208397738
0.0029860365071507668
0.0012295995570648366
0.001738379573081695
0.0034373813746555563
0.0024504342749809664
0.002358431502071004
0.00787943408292582
4.737026398409297E-5
0.00943553394179765
0.0042769385801834335
0.0030804557270422313
0.003729195826681849
0.009915686449794927
0.0022002458193669874
0.011903653719498128
0.00354304304621254
3.889319843159711E-4
0.0
0.007186607522571775
0.0015355128209536446
0.0
0.007213401286812207
0.0025121635602600445
0.0016926086509990966
0.003443834554918406
0.004814941022343852
0.013383882880396263
0.002265556339453488
0.0
0.0035252173186602065
0.0013676406475023814
0.013961898995494756
0.004696031454271606
0.002645581956052325
0.004377439622323006
0.017520966914881274
0.0014378864176889244
0.00790620832545608
1.0012916182835715E-4
0.0036648842091312125
8.391879156784167E-4
0.00482005493345028
0.003393254415590137
9.36530561111891E-4
0.0018090953628121138
0.006556087723494541
0.0028303048194922957
2.0161331680790956E-4
0.00665368051053913
0.0023870124036046887
0.006934903358559574
1.8380128102517615E-4
0.005839084973881439
0.007076154000214531
0.00881923576006267
0.0
0.0055806822346374
0.001057886049118436
0.01713708677165634
0.0029236739904984245
2.0482908165060307E-4
4.3329614868702765E-5
0.001988622362769369
0.001687732369456879
4.294519561025903E-4
0.004733046397417551
0.0024225576677957585
0.006971964240114578
0.002287815601670514
0.0021424744735151144
0.007063975693075
5.604912241094565E-4
0.0014009245781741557
0.005424300385617597
0.014128070506351644
0.0
0.00813260326115594
0.0036492941288536127
0.008495111529516673
0.005547511733039134
0.003079363425645607
0.008977673775000413
0.0016416418458413858
0.0
0.005857417004466136
0.005138353297716988
0.0016399047488830504
0.0021616974983667443
0.003737911129359832
0.006152633131483221
0.007169193827556809
0.0015959569660094104
6.62096066955619E-4
0.014199580349255041
0.0034335462168773173
0.0072070873961004
0.0018955790030964585
0.004010274548131156
0.005537338955255058
0.0050195632980020305
0.006569941694668034
0.003938063100406175
0.005509671987740442
0.005745144275433493
0.0017282102524176293
9.928031984987838E-4
0.004540091316444662
0.003467502922682962
0.0014933318926111487
0.006239255760298691
0.007162983161675927
0.0024166531167184035
0.007584732240432469
0.007032875196192018
0.0030957610800065524
0.004380585783138616
0.0010413464338596343
0.006394945270406609
0.0045122610700961685
0.007854304730530802
0.015677706282449418
0.002516870513775575
0.005021978315946068
0.002013118871119598
0.009501198127028702
0.0029574867949985033
0.005250330228156099
0.0032046723083578067
0.008555363598000416
0.007531857846816835
0.0014277496164531653
0.0021570191611913515
0.003688958542740914
0.004480636945183157
0.004026305029406416
0.003578162572551405
0.004938742617598368
0.0018793903900211802
0.0023992698051378165
0.010559401857732652
0.003413880783455555
0.0039029149475842476
0.004998263997001828
0.019462097402640623
0.001971598605482336
0.004073461640595494
0.0027345475154610735
0.005611543877877167
0.024678292800875405
1.9582170098831134E-4
0.007860871730655618
0.003875269092843015
0.002976521786305978
0.0019932434322821983
0.012526688380354624
0.0012724537701809362
0.008480307630980888
0.0034182979236149665
6.154767916686232E-4
0.010441313671535633
0.011991933567279848
9.791561846207684E-4
0.007583889644343308
0.003124492444568097
0.0
0.012680812133656173
7.790480401745001E-5
0.010430558151001385
0.002024792444325626
0.007399730528083407
0.003970895512642878
0.008472284163711975
0.006796474999495591
0.0
0.015745540795212953
0.001867141073094821
0.006111277112412616
0.0026149088264540675
0.0026470554740780465
0.007918556989144215
0.012320756052895745
0.001494999143824862
0.0025707681503231473
0.012599892943831268
0.0057778036653757595
0.008150858429405636
0.00812353602715285
0.011452928486882341
0.003392883296413015
0.0073935419129041655
0.002667433900884187
0.004509710062762611
0.01161069468557286
0.002444713532349322
0.021211315554684872
0.004536294989982922
0.008966630947371722
0.004569354731458503
0.0022023630565054034
3.4337296832754813E-4
0.002180702164813999
0.0021827433466971684
6.499384140202964E-4
0.003416943969456066
0.0022301744814497877
0.004916178557571219
0.005486033049604357
0.0028815536471497767
0.00630071356207014
6.981305264642142E-4
0.0
0.005522978012456596
0.0018643828273528854
0.002852366919521166
0.006462954096239131
0.0056359820413595454
0.012105298980768349
0.009947743922628486
0.003020584404620042
0.0024666705054538635
0.00828710944979208
0.0030007995966489683
0.0027195716395885805
0.0032322000954989882
4.824397596766422E-5
0.0015632547003085508
0.0027488042959315923
0.005903893019044957
0.0010392338986494921
0.0010897952058264923
1.8110788764139074E-4
0.00765590697684743
0.0038007826740007015
0.004371697774593172
0.0025357560886440367
0.003913106321782364
0.006221010795260384
7.016859504177173E-4
0.006779028531817884
0.0019894153674894534
7.61705580863397E-4
0.0030466245957935095
0.007775304346394372
0.004611448914841276
0.002617409026674733
0.0024256424546957554
0.003941938063274107
0.003369251745521728
0.008215324909429916
0.004843223962933768
0.0
0.00804933113914414
0.0023977190800172354
0.00700320863904938
0.005660443453330721
4.1398496962949047E-4
0.018667739509928002
0.0064404102647152225
0.001622248993264408
0.0011054871492559362
0.0021836608787758026
0.005714226926631136
0.0034926249235641554
0.004778817200120147
0.010903817759775482
0.0067637678949902
0.006258099870388369
0.004550536785384182
0.006296363947732527
0.006686860557038023
0.00947763373784381
0.0025566620128802363
0.00278603249906342
0.0025858233959168003
0.0
0.0029940802901731144
0.0041797789245423995
0.00481390678570302
0.005570426340462835
0.008048528397655338
0.0032429134083705423
0.0032510234406017725
0.0011576177342731107
0.006162848925345587
0.004569147924285387
0.004139136662119215
0.008682215627768285
0.006221317300400299
0.0014590462264127205
0.0
0.00930756309553708
0.005075331592693053
0.003491381624733919
0.011550849975058279
0.0
0.004135869804333312
0.0011681236013332576
0.003573653019581579
0.007072436078958778
0.005640756191865163
0.0035611187556143925
0.005779499885195636
0.013875670608196028
5.552558405694345E-4
0.005210632412163976
0.0
5.056304409281134E-4
0.0021227003318062543
0.008099505141987883
0.005966171199106276
0.007089084200861458
0.003674297651015925
0.004896558800655596
0.00469797437498674
0.007744359945777969
0.008182886014633978
0.002954233179454986
0.00280631910460653
0.006834904407052665
0.0
0.00884991403031242
8.829690167474341E-5
0.004113032438714644
0.004027778563366682
0.00569449418627381
0.0034777721490122787
0.0032789290437137443
0.019913433605013443
0.006962495167394469
5.263474438871041E-4
5.271361866655069E-4
0.001452986806191981
0.0028741174289475813
0.004596280817061631
0.0
0.015486641054706901
0.003865459981192209
0.005362445792427468
0.007977069443425785
0.0016902946182861603
0.005289519696629007
0.01292584663775025
0.006114558466669851
0.008195154336217321
0.009690345172616494
0.0038348823821035202
0.006036970219077679
0.005223256723698725
0.0018242021217830563
0.005846058803821507
0.001583185012798808
4.7819414268570476E-4
0.0058693138875907415
0.011321508602517589
0.0
0.005549894187083054
0.005957398171098895
0.002227256853207484
0.003953222631116877
0.012563265434840425
6.020284687662074E-4
0.003020018189085559
0.006595853932236124
0.004077468465321855
0.00274201198604836
0.014393978169565187
0.003947762564989788
8.957655413587805E-4
0.002708265298998643
0.003305544164907602
0.004621316152657665
6.875891124761627E-4
0.007159431875748187
8.438535005179035E-4
0.003377115625252093
0.0
0.009792237012346518
0.005075056990213371
2.136395651103247E-4
0.003669015801060254
0.0064250265385878205
0.0
0.011168410626404973
0.003141894904893871
0.0027337323073532427
1.0269675348289695E-4
