0.2973865790967245
0.3019963060884476
0.3019895777225437
0.29429389138119716
0.3030353919452927
0.28188205794640514
0.3144126227613194
0.296732265234763
0.30615821368349677
0.295306342969293
0.3039256485477039
0.2990728085582464
0.3026309719179386
0.3007346312837303
0.30473259010068027
0.2996996582299768
0.2983093948646154
0.3036550591218882
0.3008569476676267
0.322307135361513
0.29342295410126784
0.30281223960403153
0.29909810578936996
0.32607368320291436
0.29290760477996874
0.31402766968607226
0.2980353340288883
0.2796613106150352
0.29691958940703755
0.30375868404832485
0.31753920030978866
0.30996316580898114
0.29864718911460403
0.30744447105095285
0.29588334282064443
0.3015061453846924
0.3041004486733815
0.29379196084302417
0.29625045818888507
0.3050372649792463
0.28524054434324986
0.313748409145276
0.2973845790093123
0.29655480654172567
0.30073628752859033
0.31881719849366236
0.2978296875751354
0.29174708152531287
0.3000326905299033
0.29087729090890263
0.28825446768505836
0.29760970754335897
0.313976541644333
0.29431426960699747
0.29036880551587274
0.30759793644580863
0.2938196070265457
0.3206408466743433
0.3013292101273685
0.3057925164840311
0.2994097697601329
0.28527708479295527
0.31219221651977896
0.30474864905500126
0.31349781304095786
0.2981371611723923
0.31744991351969526
0.30286503989556324
0.2949945941875909
0.31067179232507625
0.28905456461619333
0.2908646165937322
0.3070296934028668
0.2963935578275008
0.29885521760390216
0.29743115075363663
0.29501608913388583
0.2989608359640658
0.2907668150893585
0.30160019219128276
0.3127303128310888
0.2935253788700494
0.30310045013203807
0.29736221656376405
0.2900890077457205
0.3029829204476638
0.29656389985732984
0.3107899491438336
0.2905587739736331
0.293671882137202
0.29951367768917814
0.30763488264788336
0.2973119351567137
0.2900541648881547
0.29500063021106376
0.29390509695907124
0.2984330159924063
0.29249681528388755
0.29568909293358303
0.31142089244400606
0.2995125536460156
0.32045969926398193
0.2946422157046006
0.30866414162253014
0.28916518044650896
0.29406325457547006
0.2952641175209201
0.3048961964539644
0.2960219262961357
0.2874286556970045
0.3102223705404928
0.29300543600111467
0.2915345687705155
0.28725294969458454
0.28958784918080843
0.2785136094267781
0.2843749103640343
0.3039441653196763
0.30095200489296026
0.3084347641601973
0.3085576996776506
0.30164269603622595
0.2907214293698637
0.30730347522794416
0.28781564494491824
0.2873106640931857
0.3020646001642813
0.31849263553125423
0.2934797710102092
0.2830367640737157
0.29920241940093567
0.301406537606377
0.2946871234613886
0.2962103765190421
0.29872879829768606
0.28636032843959014
0.31099192658980357
0.30348563301813936
0.3062403772474283
0.31724229484723626
0.29754286885013187
0.3075585027542735
0.2883080003439829
0.3089808679229297
0.3071156133261905
0.30873518015646106
0.2954179578275845
0.30355630322882493
0.3196555424256941
0.2977540277077703
0.30105726700048596
0.27674640967771935
0.2894968098228884
0.3028839715897764
0.29257760738733857
0.29524950754274404
0.300290848438314
0.310598760538649
0.31064697733562985
0.3032292349586216
0.30671786570653725
0.3098917112037428
0.29945867723248315
0.2963893564313822
0.2984355462343242
0.304283986677375
0.317499472115246
0.3078334583296683
0.2948456725523002
0.32128234442987624
0.3109410267031915
0.2999330272469324
0.3008179327118287
0.2868887038049975
0.29701123431525006
0.2997824107778849
0.29136618925045193
0.29083240922305886
0.3056717048852164
0.3014452802868893
0.30235555674730874
0.29879275969312435
0.3005708625212081
0.3027396244236281
0.29592291810504223
0.3114307246069573
0.2953543844723043
0.3007333304467677
0.30480526044698864
0.30110404257677814
0.2958406840046943
0.30542067617860913
0.3121792834463023
0.299670836489222
0.29629753434030587
0.28788320169397413
0.2970084536241953
0.29748160475065527
0.28803493751250897
0.2970417580610398
0.31498076616412723
0.28776736308016476
0.3064067169154284
0.3024541503815735
0.2963290949669469
0.3105683078154418
0.29939744514446526
0.3028596331233188
0.2997563642251149
0.29196956823426623
0.2954215082124551
0.30877823966034046
0.2827387522574556
0.29025917017254615
0.3018633400719312
0.30875414010746105
0.3028473301096205
0.2953711582031907
0.2957138391688863
0.2987084612165757
0.30326944879853085
0.3058203145773784
0.2911953317802721
0.28189059040234615
0.29424389299585285
0.3040406018556834
0.30676282048371384
0.30147731481950013
0.3024340570781146
0.2945184223188936
0.2924662813716943
0.2969506480171577
0.30682904292035
0.31034636370751095
0.29831266762086894
0.3038908204895509
0.2978684383840831
0.29946159124578736
0.30572807625767784
0.2938652562252297
0.3033904429755765
0.28534926689212475
0.29393378896221134
0.306185690782965
0.29841126730897305
0.29712526387571037
0.3146190120256805
0.2943141319819073
0.2947039487069534
0.29591107725049387
0.290777342277741
0.28579397020513625
0.2990785334438872
0.3025406376301425
0.30106677547624966
0.3109282335588528
0.2988258565208054
0.30916589462716865
0.3131179049796651
0.29381928504030436
0.2948081176244105
0.30323696651318344
0.2990873554935174
0.2883567824281639
0.30220572571054793
0.30454817031104403
0.285152026840585
0.31043349939766735
0.305291535998842
0.2978034393013294
0.31433561845776065
0.2975981021576488
0.32069585199043116
0.3158727620900825
0.3156288193920842
0.2917246749069228
0.2813430520576603
0.30176780757824695
0.3133191737578374
0.2931616600496627
0.3198358068104502
0.2979565347913006
0.2928249971981273
0.3032819190676386
0.2920916450173554
0.3073315969873614
0.30073006587829487
0.2911415079527001
0.2927849100770188
0.30949238066812024
0.3051094926097184
0.30322799332549594
0.30132567572913554
0.33372081903868006
0.30720723146109125
0.29768419830174064
0.3117603195142426
0.2949312764134288
0.3032095710925112
0.31375846242983574
0.3010875025238196
0.29683076770825384
0.29166711973624976
0.3005509365479567
0.300255966591019
0.31036426135631534
0.2964135894018643
0.33746148375271207
0.2947243636521705
0.3072520926883796
0.2922481610179435
0.2740178262258459
0.3013323197707842
0.2819990546347988
0.29992301875884425
0.2945483030403034
0.29428353031565285
0.2849811310170986
0.2861273637202759
0.32601013260230427
0.29250416689255837
0.30466809508430304
0.30605919171639356
0.28855073299242284
0.2936272862981072
0.3014251003311064
0.3157520242023332
0.2904894630050868
0.3141926132214419
0.3143920011049465
0.31089272539390234
0.30997520999238376
0.28758686035108644
0.2937281187343726
0.2880033044681252
0.29951091897003707
0.2933226791260557
0.2903046786883857
0.2958586803703795
0.28985318995901943
0.3002528085196378
0.2969796014397251
0.2940434433097392
0.30112116051465393
0.29926174136418715
0.3029128171945277
0.32359420074872186
0.2919856701993114
0.3142917443640966
0.3027975406752869
0.28492545655169726
0.30498013822953424
0.2774780946008334
0.3071634156712198
0.2884911450027413
0.29474492443201744
0.3051891717509043
0.3073988098362517
0.2977897416142826
0.30091212081787005
0.302905784838021
0.31338228514063465
0.3010873419519152
0.31619316223938143
0.309696231666008
0.29209303912978074
0.3118582651904987
0.3085043731886332
0.2952989728823171
0.3014869208713816
0.30886904962372597
0.29784053892722684
0.29582301568705677
0.29703598013842
0.3117798242668886
0.30232759274514553
0.30576063471548526
0.3105976150352576
0.30029723105723466
0.3039915486710397
0.3093323187228372
0.2969070577288473
0.31482811884742484
0.31229669718258835
0.29636828645334173
0.2988797625637158
0.29272974843012484
0.29776284943088754
0.30705603453449964
0.2950389590963869
0.29021273844856815
0.30786866407299057
0.3001816325716997
0.3071573355923767
0.3083632029603976
0.3081883849365484
0.31306808275632064
0.2986895731808842
0.29560358375064893
0.29886422345288416
0.2959361588052254
0.2838763073731307
0.31109646966511534
0.30253348358667725
0.30245262809135837
0.3078273963244273
0.28167567901356516
0.2823907743917742
0.3036236694108462
0.29912237667555375
0.30699579101435975
0.3010314476382668
0.2942970150936885
0.2843423655416013
0.2854320894976679
0.3169894475142463
0.3004397880557311
0.2816035038154027
0.3003290406537963
0.30130463894284903
0.29038164664309235
0.3085500138973937
0.30167506752765394
0.30522232221866336
0.3062943368964713
0.2954602810852963
0.292053545223014
0.3147384699943139
0.31236405280041113
0.3086432030155868
0.2982159657640373
0.2905080272743409
0.28019750653117986
0.31085876479477803
0.32068472841804313
0.2895773591532642
0.2887139213363176
0.30941567783528884
0.3110496171029273
0.28765090343418726
0.3182738212149091
0.2932023800879935
0.29395061851916476
0.2956931471161466
0.3076128870522422
0.2898249126773298
0.28870314999778895
0.2860789309646273
0.3055795340984731
0.30384635754007094
0.3002991395188073
0.3032334639573526
0.3091237842460264
0.3077139723744131
0.3028590181151671
0.29300591798833747
0.2994686417288548
0.3090455944567018
0.30118313761872983
0.29556705461760174
0.3044116789490604
0.29498288908000697
0.30504591015538984
0.2860172841919858
0.30054312727787613
0.3125327314579596
0.3148491900589225
0.2983885794148165
0.29618596331563163
0.30543359544251675
0.2915417407782921
0.3032451258455002
0.29793292052252174
0.3129610690318573
0.29221492202102956
0.30488544825518854
0.30394121297326426
0.30477223402186765
0.30920557555515055
0.29552322521200225
0.28234232938379716
0.2894493131387462
0.2913595125906592
0.28578327400743253
0.30665614752153153
0.2935455533225788
0.30440655489584045
0.2796414343332204
0.3054120668383284
0.2976555600812258
0.28710610531196484
0.29186260351543747
0.2913827559554119
0.3134165067492029
0.30108830098748335
0.2866021768771382
0.29563797738143976
0.29064809675067094
0.2776373622387336
