2.743381080446533
2.4327873069739607
7.7039027963374025
5.465207707380004
7.222457475931937
12.548558396362486
4.728526881230764
8.755774927413757
7.616011453059747
3.3081657101915156
5.211016933518725
7.2676043855511265
6.162429798797205
8.811091459124293
16.255468966283093
5.567655283358326
11.996683527405853
6.565399670679901
4.357910606830972
4.7258961125226735
9.099149640647104
6.125893673603024
5.5354583672237805
17.968526784870793
10.910408590275528
3.640940974049278
6.204477385928185
10.052298127112595
2.3882255314310363
9.73409028464746
6.437765670830942
3.3916767229116926
5.00329120356066
1.9908138631896763
4.35186830607863
7.304664238959728
11.598232027252386
4.067772002882789
10.750170433964657
15.991063833013113
16.925270847227658
8.241207303775916
3.594386567714798
3.879290093827656
6.336618675078049
3.6084505394987287
5.834078968704898
2.5984188476627565
3.132250192628536
3.6644594445160097
