Infinity
-1.4299143320310566
-1.350916328495974
-1.272666332584639
-1.2008305721005739
-1.1433951175905928
-1.0909450056417114
-1.048876894216403
-1.0000950461785336
-0.94732627873453
-0.911145031607214
-0.8767161962137937
-0.8491726752417034
-0.8228498024512725
-0.7952709819411874
-0.7704031100249428
-0.7445019720391575
-0.721458093226706
-0.7045337141821065
-0.68506519258044
-0.6660775786627016
-0.6443630314979759
-0.6264684039998645
-0.6110449318515998
-0.5961118553147204
-0.5791327627246958
-0.5670906068578857
-0.552879694966907
-0.5420005254259255
-0.5289328826438998
-0.5167566973896363
-0.5057774734459988
-0.49527274173124913
-0.486169508562465
-0.4762311674145052
-0.46772134819979855
-0.4600091174828704
-0.4513845347039276
-0.4433314393200199
-0.4346064873888834
-0.42700155112140076
-0.41991151109154956
-0.41344347390176234
-0.40716777056401837
-0.4009377492849083
-0.3949451686382529
-0.3893645398672411
-0.3834328378376184
-0.376829917586452
-0.3712167351297389
-0.3658886382502694
-0.3612122164288663
-0.35524357953770463
-0.35044787096214564
-0.3457725265982881
-0.34007869675572383
-0.3356048805378023
-0.33124872108332376
-0.3280739536115411
-0.323114827570189
-0.3184197131318929
