Infinity
-1.3862383772121833
-1.2909361467668263
-1.1794816702357962
-1.1055180265666895
-1.0460435323350787
-0.9771564334469882
-0.9067868962198894
-0.8606080511434531
-0.8226512602228789
-0.7859960089534878
-0.7583543547718908
-0.7203082696218392
-0.6967885493355865
-0.667079014427704
-0.6408983866565745
-0.6171335977443912
-0.5949510314544615
-0.5747577099453112
-0.5595016173207868
-0.5389795196229987
-0.5207659954570919
-0.5030672616839703
-0.49080179300974364
-0.4773649029933103
-0.4653957619978798
-0.4539680837605894
-0.4437650629596814
-0.4313852621263331
-0.4216895780091393
-0.41209379443624866
-0.4033539844819214
-0.3954530356270193
-0.387578663740504
-0.37927351280663507
-0.37116818061345946
-0.36345887819288497
-0.35587661662987324
-0.348078702563915
-0.34003135163798787
-0.3333020139599977
-0.32781641930413247
-0.32057542450623483
