0.6587525076137992
0.662199416117046
0.664971903712755
0.7072580590803409
0.6235738838704183
0.6579564459604728
0.7696655474442674
0.836003749300205
0.697883857497274
0.7050706858265875
0.6800652826190329
0.6987426352079235
0.696657020157144
0.5820132552514632
0.714796651042762
0.6792915725923316
0.6300477554510768
0.6582326462228172
0.6254615015488605
0.6861081198221053
0.5849341113134304
0.5937512465582803
0.7415490551238331
0.595898878392847
0.729460857058643
0.825709850027741
0.7351527621207162
0.5727284619403394
0.6134260041469115
0.8105471078800471
0.6123534007234862
0.7365265431296795
0.673830566970858
0.6193622068574373
0.6986807950302626
0.5638775501355714
0.7302018055531724
0.6660043070507776
0.7104785908414812
0.7384839668357036
0.7510909513539789
0.7136576807979214
0.7098733940209487
0.6591431555089129
0.6895603714244021
0.6586158909429938
0.5894384640221271
0.5704255834253588
0.7526343187294314
0.6783686450856341
0.5259199627961103
0.6727154059636072
0.7455081157391579
0.6125669870251486
0.655530875460723
0.7641826948536428
0.6131283511836888
0.6739901779869458
0.6798119450837498
0.6309611212190684
0.6656722173635654
0.6644146614602972
0.7688329608867928
0.7964435653811235
0.8201911503352133
0.664685890990863
0.6733697658180648
0.6903161546824783
0.6465347059211576
0.7878123625727121
0.687013818761002
0.7034198903328515
0.7215226652821116
0.6625986087704411
0.7230648559455114
0.6306260741966672
0.8004837214025707
0.6406920266915317
0.7744500778839422
0.6842953722254888
0.8793574615736749
0.7168713569737682
0.7409120734971586
0.5547537949946815
0.733496326341966
0.7455289996041655
0.6287918931728639
0.8001301086852963
0.6731958822728009
0.767755506921496
0.8031415898338484
0.775999376186581
0.7013696628266989
0.6668998208910837
0.7101774694718945
0.7100423337369958
0.7499014080531509
0.792641996568319
0.7445782339879486
0.662399301833461
0.6900133839208037
0.8293665956724025
0.7237735317785717
0.6102473619691137
0.678929571252471
0.6748623850147475
0.6082990592687371
0.6762379021190706
0.627211034968298
0.6202970224788774
0.6266407344169234
0.7261157757189565
0.6801929467934504
0.6131781128025942
0.7019941003303688
0.6942186620430884
0.6065036999466622
0.7688151361203714
0.6606134250532756
0.7116467297455903
0.6832799840468321
0.6832309116507032
0.6139007302685697
0.8531650414329411
0.701496459771654
0.724819540135853
0.7215620026388306
0.6381328633445151
0.5530285261294716
0.5833030048971799
0.7517851888784632
0.7272515843755086
0.8151322868827984
0.7990379435375878
0.7723195669773308
0.759093094782245
0.665147577974317
0.6702130259335534
0.7049319588655087
0.5186764764135217
0.721706978796266
0.9115882746712197
0.7603219749502841
0.6381135603304249
0.6244905582472194
0.7482223069737569
0.6473501448421572
0.6515917894533472
0.7114097144318456
0.788310592220209
0.7881441150378422
0.6869346883184478
0.7029686268420856
0.7190053676461964
0.5799151417313997
0.7208792624879629
0.6880145681573744
0.7248167288749523
0.6267023292737552
0.7532959146611062
0.5812629875520255
0.7124288764103545
0.6754557751830481
0.7299303185049815
0.6463619525748049
0.5418994503315113
0.642704710171436
0.7417350094906712
0.8004977323298672
0.6496293139220826
0.7220460795306225
0.6425507050605919
0.7245129838695668
0.704071877745842
0.6575340135601974
0.7301694374326418
0.7162476434463182
0.6107579617327754
0.6235305892224192
0.7201599505383428
0.7923170832083553
0.66820462913718
0.6861791828921837
0.719745038218393
0.6126795019810554
0.6363253530398713
0.6430140624754315
0.757307123687541
0.6190676244420076
0.7854383298324865
0.6456874911570788
0.754224130871742
0.6578445418841932
0.5905058676035554
0.5996033036035457
0.7417692731573656
0.5551702504339484
0.6827384790495544
0.670740127613237
0.6695178777667476
0.7364461408702673
0.6332579797533303
0.6342546679263046
0.746826663863041
0.6320979676741814
0.7660615427669917
0.7053868704722934
0.7126174090964573
0.7506083365005142
0.6261926103504785
0.6883940975455501
0.6503081980392053
0.7499178512224757
0.5544777957206601
0.717916652138536
0.7696196531884651
0.8019025826160854
0.7828479909680885
0.7803796283500297
0.6677421646079285
0.6482181423946167
0.6612051166520048
0.7497864369183568
0.6741476991859854
0.7265573716997067
0.5706702691707375
0.6336871997568554
0.9151011535050046
0.7286396936598387
0.6605394751108313
0.7457599636846765
0.7254883561411236
0.6155476612936575
0.6450708439229748
0.6667244173586386
0.6158737795538306
0.6529009359799212
0.5931181947225223
0.6443909701781353
0.7095028528479345
0.8108652151358283
0.6526316981263226
0.699569674229746
0.8054680725807603
0.8087248459065136
0.7643697138184654
0.6371454107567802
0.6524516969971728
0.763334366090547
0.692021005315091
0.6980377778178221
0.7185099468570801
0.6449986488378798
0.6459825181589214
0.6572651899563535
0.6540613132647057
0.6807343878120192
0.7497794061593486
0.7132684900566457
0.6516830400592757
0.6965334283634074
0.6833551082420413
0.7538648426118649
0.7480688971782047
0.7033010175174274
0.6018376689104856
0.5837947340847548
0.5433842918707256
0.7210529715544511
0.6087203362029017
0.558689287924955
0.8490410307586662
0.6450889834674325
0.6539318505404149
0.659383939094838
0.6562855435123771
0.6338939308108749
0.7214405492540888
0.6584491025398669
0.6906507859893589
0.7542840371478993
0.7031033183057291
0.5868425000031426
0.6409489377389211
0.755409867751446
0.6146292186210918
0.7864873048891808
0.659710138387746
0.6581441297505393
0.693885119027994
0.6690184016610782
0.799010457132773
0.6267267362791115
0.6201479849048313
0.6820259756301615
0.5863018127655818
0.6948601590898869
0.6385886924936568
0.71489879884122
0.7813322768521764
0.6072664595438264
0.6157964918472376
0.7108600026380325
0.6870506320054603
0.7400184994825767
0.6364323990164309
0.6760407213309314
0.6551275679398838
0.7235616930689622
0.8004422285668451
0.6497158437212905
0.7239913323730833
0.8464060037420763
0.6829208225422352
0.6816291009676783
0.726457672612903
0.576204672269034
0.6662864917870057
0.6070697881439778
0.7801718570916629
0.680206592343667
0.6365993239321838
0.7225026088972696
0.7561431617764964
0.7998083682310646
0.6173792811086852
0.7141993396999011
0.7235934500481753
0.6065975244722265
0.6908620262750058
0.7418740533648566
0.6574575503118603
0.6707552041177475
0.6342968742148904
0.8082529654820276
0.6725189474872024
0.7538756618511985
0.843460208384266
0.7255941951849041
0.563695768464058
0.7548784978484664
0.6368830816421218
0.6007312806074065
0.6996466970065426
0.5572447072199394
0.6671630322721644
0.6807943012462181
0.7503352775260647
0.6990424280588925
0.632220452876163
0.6723178862830288
0.6209235384094934
0.6822390273368387
0.6254860106264607
0.587314023925024
0.6134550260358853
0.6540206744376731
0.6607569264618919
0.562924651993356
0.6797688028606367
0.5720980973083268
0.7090726582687827
0.6653606359616204
0.6937010068529796
0.7706586527571855
0.594906554740665
0.6344378180460823
0.6966768422953636
0.664350034798014
0.6691113758484253
0.7889806119791305
0.6986829202229228
0.6963109012177006
0.5862807369653266
0.6931949878346951
0.7471264265214962
0.7228164472546236
0.784750488334051
0.7282598319698123
0.6581737904636585
0.7957016680043799
0.6150616903632466
0.8276228806926007
0.748327554258885
0.7204949378569163
0.6590515231540568
0.6655098307903913
0.7983428329260536
0.6456890247611129
0.6544572584532152
0.6561683143005728
0.7106178021223409
0.7449671147941193
0.763225609089884
0.7576691343039723
0.7290657493246251
0.7616360430751956
0.8177202943358588
0.705691199110243
0.7007154712836866
0.6730482649166432
0.8152872810757223
0.6963994972247682
0.7209912849896102
0.7646367577120523
0.6034405447326583
0.652500041843404
0.7568302262280862
0.6528453338309964
0.8284609016959248
0.6951456563999473
0.5878019114555754
0.6326404755148032
0.6538025203034294
0.7469767938741678
0.706439342174457
0.580915024087389
0.6544695741629215
0.7603318738934437
0.7797867278512409
0.7624071499305963
0.6980683049101717
0.6569274860871576
0.6539458829861543
0.8406600559078861
0.6672380476996599
0.6623653911299523
0.7698783953634899
0.7421303117659888
0.7552445782246652
0.6089282015158757
0.7584968861702331
0.7720464277749411
0.7211452260634854
0.738269735254198
0.5754956793882042
0.7448261128518621
0.6403390203192685
0.7023026116694139
0.74570167126187
0.6744126839468743
0.65739044324492
0.7353268419287805
0.6737474876638422
0.6994463059853457
0.6257850957686851
0.6015216266034701
0.6455607104257101
0.7646469259603007
0.7238772754650094
0.638351739525794
0.7365714794774413
0.6419061512809221
0.6119458751893142
0.6930669811579341
0.6655743136415483
0.7474991939761287
0.787510161140365
0.7065892056347126
0.7011413855301161
0.661797570314705
0.725155148491437
0.70324592583689
0.7618249429476894
0.706825473402537
0.7764124132529554
0.6418276492767553
0.7879302336672036
0.8194329217399621
0.7021846873830669
0.6946168441096017
0.6639144987005591
0.8050599983351868
0.7443861711997435
0.6171851347454478
0.6365389559193532
0.7323014739902346
0.7245050669952968
0.6585777036591632
0.7442030999503728
0.7412528182499447
0.7272194718684397
0.7373122839182
0.7465085578464603
0.725076282002797
0.7559124976080606
0.6979863976138658
0.7847624934333541
0.6572017903243762
0.7052326346682517
0.7604275481501082
0.6914264650878561
0.7273085360066934
0.7460907855936303
0.691496209520804
0.7741052895138314
0.6332650264890679
0.591582907201894
0.7523269614495786
0.5957354014202095
0.6985568368271984
0.66414106504902
0.5789069480740425
0.7957725459305285
0.6235886508698105
0.7170609868457287
0.7143326057810311
0.6628092045763755
0.7429734938725989
0.7304120918847492
0.7322773702219669
0.6393508266074158
0.6816496384482279
0.7600890103431723
0.5912724985083354
0.7192736297332266
0.6249606946125443
0.6839787041610712
0.7405587826196842
0.7638524107543353
0.7362788467802518
0.7366629670308354
0.6406412569156318
0.5701552040696752
0.6625186618832131
0.7373108021562694
0.6950372864390283
0.6989481614455292
0.8355387686388618
0.6368384376028645
0.7264427159884597
0.5887428501240008
0.7566852573681828
0.6686512867744981
0.7112588276351791
0.6831810087607132
0.677101033794899
0.8239858779703647
0.7392189416022255
0.7379742561320158
0.5376789241641806
0.6741380859853504
0.5803230503990686
0.7208922257725467
0.759750734836214
0.6179232973547759
0.7667168002459565
0.6866527006845996
0.6484361710726112
0.7085792409240036
0.6876412280400026
0.6848084153481437
0.6882859099266831
0.6324516744782465
0.6497448774398367
0.5952676126586125
0.7416537046707797
0.6894636179473898
0.6733526396757686
0.6498260053011163
0.6799110585739755
0.7590612920936815
0.8204030825370516
0.7733718333209351
0.6484580175737626
0.6223980525460142
0.7157555705200008
0.7296094761316196
0.7614093900847311
0.8021615500973949
0.8011505115286025
0.7462971804315613
0.7646093068786967
0.6587171591026808
0.7431444141664941
0.7882528825676
0.7213862381781049
0.6891659578978622
0.6949455502815098
0.7639737963146904
0.5977496275971009
0.6750755586511856
0.8247950792920667
0.5541689139439127
0.7071381973256704
0.6042993829005764
0.6916556755972283
0.6988514459906122
0.6857720449554399
0.7079631140450532
0.6535290740924238
0.6569801847621548
0.7078880807555911
0.6801624321118787
0.5427160466759449
0.679017058728858
0.7031200777735169
0.7565457087124082
0.7040627704570781
0.7012005995246227
0.6239158564176666
0.6813899596221967
0.6117449231181918
0.6347755361467462
0.79904758963982
0.6416780480002783
0.6669282273330583
0.7793795697458348
0.7528359216825264
0.8614866598032472
0.5664977070393105
0.7605930181399612
0.6403025133282054
0.5396100391234154
0.6013258882030286
0.709529647366093
0.7327009151217475
0.592503223731028
0.8316077911304357
0.7437386776034429
0.7071172238707545
0.5839858236672161
0.5673998823799875
0.7257267933918514
0.7572845599391342
0.622844134003971
0.632431985630441
0.7641225925810298
0.5923756194060702
0.6037366097198309
0.6319151661593866
0.6652041024655513
0.7565256206001015
0.7783073881174426
0.6701946098824526
0.5767259751981201
0.6374739662068474
0.6263357382649672
0.7117339429707517
0.6718278911064733
0.7199715152982752
0.6706972818130494
0.656335582564068
0.8114386890697525
0.6411224364657322
0.6591300833657784
0.72211419125268
0.5729484244430163
0.6723408750721709
0.6574494488089443
0.6915193290242205
0.7959403018270398
0.754850530692199
0.6825000908183546
0.6578325828746814
0.7975509140903434
0.7466228433524698
0.6289039317993227
0.6477531667669971
0.6425457469524175
0.888938181708959
0.6533736754877444
0.7326330253718475
0.6889418538609828
0.7640949790788627
0.7027238476069309
0.6749969381043256
0.7522460387169482
0.7239638919398875
0.6941277113947815
0.6695675543773976
0.6452143753629846
0.7384710723876364
0.6636008766858941
0.7653852423717077
0.6721958930679091
0.6845724725885668
0.5977941567512915
0.719735434890113
0.6396357362325786
0.7530859410426346
0.6872726011040533
0.7254033190473361
0.7293143346703208
0.6615018300579277
0.6094197157520803
0.7788950514720133
0.7094809820341115
0.7556139864750102
0.6516158506248486
0.751308306906214
0.7025283152311537
0.5580926489456887
0.6916547269057192
0.8235592968306696
0.6625799728015315
0.7107484328339636
0.6456344950708638
