0.8869696791468253
0.8969949830422947
0.985744944477049
0.9893257811014735
0.9625597877146193
0.9479113868325233
0.9368414005350308
1.0014563067799558
0.9589418137885334
0.9340679758409909
0.9383386981724207
0.9177357914208522
0.9690438062288104
0.9750710275049332
1.000310065650975
0.9657156564437076
0.9992119452025292
0.9197781716135787
0.962947908067933
0.9565015330006601
1.000339337788491
0.9513577527849535
0.9798839962530932
0.999689008535994
0.974877438377341
0.9444149499610979
0.9603224925704583
0.9979512292827204
0.9218136414820992
0.967436192366961
0.973662341248082
0.9347001101511241
0.9697373115334927
0.8793497838347293
0.9395891648865818
0.9671632759121456
0.9935750019707772
0.901680797775531
0.9805821184305459
0.9992172143541782
1.0015813355118381
0.9685479539186298
0.9438750931406756
0.9520219218190207
0.9511733557954102
0.925917391993154
0.9358220018564125
0.8821374731775568
0.950235325694025
0.9592365885671117
