0.6981034905633942
0.7035328903246202
0.5619871047821255
0.6064743440723487
0.6243455539916007
0.5369328897775558
0.7184138096980129
0.574512606207564
0.695136209583117
0.5414233950421754
0.5683280901817901
0.5781828445229106
0.600251772827846
0.6079998327258059
0.6071293453368264
0.5321392004297097
0.6101914084786727
0.5835889267603344
0.6461190671827586
0.6479652706436633
0.5070731386714076
0.584488402172722
0.6284522409854142
0.6095638094776726
0.6969372373345175
0.6597858897206134
0.5818607767311837
0.7189592478145986
0.6015937574161688
0.5590707956257245
0.6055216127859744
0.48331542603779254
0.5043743242564013
0.6382906300666146
0.5119123866807268
0.5893791787457269
0.59361349788024
0.5998928051568505
0.6115180972290152
0.5625824108364723
0.5924704133594798
0.5905490391521461
0.6334863655630609
0.6104679663807105
0.5882532967215445
0.5498354413911088
0.5764142075324732
0.6263661047837631
0.5276221836313354
0.6608201788572413
0.6597833195402211
0.7383163821069026
0.6066571086232919
0.5739367683848917
0.5268145551374832
0.56787757576244
0.6406268538539129
0.6272245512577829
0.6487175844018588
0.5640491613112656
0.5767326118176002
0.5742945238045644
0.7005928769627722
0.6150670893421487
0.5391589530941802
0.6184164587902351
0.49467272843974186
0.7334212330672809
0.7416926245450401
0.6189876397564987
0.7605311265041901
0.6299499172245037
0.7292759875586655
0.5812163948646552
0.6134489268168315
0.6636562853809621
0.5611047168428979
0.6634379198784723
0.6396572789850148
0.5462830936267625
0.5772829873582461
0.6324950347585866
0.685823752692362
0.5884485070635709
0.5017537044321125
0.5542785601921817
0.6838391084425477
0.6166715336315627
0.6498382663692638
0.5617193953085374
0.6823743980097837
0.5131676545051456
0.5320812871972528
0.5745221900836781
0.46078591070331226
0.6591738863198027
0.5770393708204282
0.6177416937679371
0.5542280996138774
0.6132658261538836
0.5446099983937663
0.699394275997066
0.6842724808977757
0.5593049807266828
0.6267625399907629
0.7418971496335218
0.6327336015246862
0.6192031872342854
0.5361015625325317
0.7385959443352532
0.6126588330519263
0.557896545550817
0.617720590328563
0.5754199078611232
0.6017723775138656
0.5734856829673034
0.5614646799576115
0.6100477359045683
0.6828458731644154
0.6187153269073217
0.5721346986228332
0.6836255632431887
0.7082861807118354
0.6301839855235004
0.543248997079538
0.5831031331453828
0.5655059341863459
0.572186427112784
0.5882936717268634
0.5257467657224747
0.5662629222283648
0.5423900276827226
0.6369619201144189
0.6656340321237074
0.5819970135269332
0.6105988079421323
0.7462507545198713
0.6915339858178471
0.6454782929698788
0.624126527131605
0.6502267553960294
0.5105581223694443
0.6159230090579565
0.5507341221536988
0.6230044558716559
0.6253216456156062
0.8161553366079817
0.6635511134271882
0.5229188728112129
0.6733403613787882
0.5575387373149471
0.6947663025582513
0.6792729124705281
0.665103116407965
0.5569299975399526
0.5064112641068337
0.5879894241511768
0.5794814862931653
0.54129921895939
0.5586830023548551
0.5778819555543588
0.5755499072255487
0.6740465642343585
0.5894668467928179
0.6356622337726209
0.6200597613542125
0.6064174632199116
0.5029446293039825
0.5617706190429708
0.5606028869012507
0.5122778638676068
0.5467025261271846
0.5424340421267432
0.7151927156999703
0.7398698036633856
0.5783242337101006
0.4900404038053045
0.5710377768013476
0.5736672596365533
0.6307022970653621
0.6092498253831581
0.7100034026073999
0.5811787423444024
0.6738392317198613
0.6852750137941742
0.6902512418155536
0.6050370180006029
0.5167470378446869
0.6131341932952231
0.6313227241833758
0.5853558467082264
0.5646071888643075
0.5051715456322616
0.6250698773463436
0.6529646348624802
0.6194593595879766
0.6422559315887885
0.5837593344280109
0.573941724492715
0.6403003586098246
0.5080113788726688
0.6004043271329099
0.5602870666454132
0.4698450120158828
0.6597021251674545
0.6058958332690324
0.6066732604870247
0.5879519579655871
0.5839706039495933
0.5893264974569193
0.6580687372653461
0.6543909446229793
0.5888575313093501
0.5870110959520755
0.5651894932016615
0.5652329350425608
0.6050430150778414
0.6384113434760511
0.6719265341555909
0.6981219940974231
0.5981758081864715
0.5973403710396915
0.5300640632875407
0.6815980020718627
0.6537617888542393
0.6194909301278492
0.5484600827912343
0.6815229495785643
0.49634169458557564
0.7017285729988266
0.4890651259791538
0.5534668280337919
0.5636607980580607
0.6696999695638541
0.6350257706581676
0.6318308876277238
0.5874759533987994
0.5778063422728154
0.5990423620794654
0.5381187828959062
0.6224394771072553
0.5713049250113685
0.6816451571160657
0.6908117994391829
0.7019570303858423
0.5134599801544403
0.6037352347354256
0.48754929031374145
0.6019096840201004
0.5836564592023937
0.6016358647748913
0.7214991073333222
0.5695050220318608
0.5825639624332642
0.48123014641706835
0.576632114374145
0.6909250937705061
0.7085683645148162
0.6234590279175735
0.64735756972237
0.5590877106047184
0.5630950179271997
0.4753549649545324
0.5949469683612326
0.5143641586698083
0.6351735856024894
0.5746133865669252
0.6034943305679993
0.5851184066519827
0.5967385191862226
0.6470735916587983
0.727066382289291
0.5600076718723906
0.6205266070779824
0.609870007507854
0.5336205235949291
0.6327298468714592
0.6413531599728918
0.6362729692611627
0.6362719203082529
0.5639932250734626
0.6438868186579502
0.6529039889215671
0.6018051498191666
0.6635233706314979
0.652875466481691
0.6063907505159757
0.5906067294220697
0.5741006023274459
0.7838887733514489
0.7040010550145626
0.5450483941910571
0.6343099805020743
0.5868770098023649
0.7167774226444501
0.5966654475422914
0.6439127928817905
0.5474568778509455
0.5814802261203699
0.5631213749935168
0.5251356014342429
0.5953275458295145
0.5575664581523885
0.7410953491972087
0.5932787599124598
0.5572420069999096
0.6633173530613751
0.7120541156191028
0.5381140319673122
0.553243456671776
0.5221842908599214
0.5926252462219481
0.5613615616577962
0.6192884891817747
0.5920809859304202
0.5611953011979368
0.5255189576936842
0.5611990929697405
0.6244868027496718
0.575419032442917
0.6291305899608945
0.7191316868160023
0.5970406543269126
0.7167980517609142
0.5402199574985397
0.5712583301348352
0.7057515565526612
0.6003185617583792
0.517633800140686
0.743283332371937
0.5736842083086302
0.4775289138191086
0.5305965618637098
0.5429315563275371
0.5292698332126973
0.5994039681690637
0.6675445419742269
0.6664544715703787
0.5711941993542985
0.7398924661715219
0.5914302900657183
0.5749240689290672
0.6600359998698719
0.6237171550696591
0.5657525412253003
0.570208540407301
0.6266912641090672
0.6599024147233098
0.5629063143329086
0.6104424448456899
0.5060779061888627
0.6103870598710053
0.602009379196623
0.6441430491828175
0.552381291926149
0.5978433672785197
0.5695296005975784
0.6538131254456144
0.6215265036918918
0.5926080286574577
0.5985367774983595
0.6916975774728465
0.6939540743406165
0.5912227918724572
0.6351960147086323
0.5397770081941785
0.5622486462561774
0.647650839286087
0.6525263303336309
0.5745398772071776
0.6085874314752678
0.6547435898901417
0.4869182639940303
0.5460468798479674
0.6100551868046378
0.6790163770740704
0.42015173802768935
0.5283665448440046
0.6553164765779079
0.6278146138586005
0.5918578316182183
0.5189313799058847
0.6527290552849854
0.5547049399893392
0.5634541742703355
0.6256760018669129
0.668233163408175
0.6551444953678555
0.7132392873567581
0.6539146517770075
0.5304439395166197
0.6517182681826962
0.6250671923735193
0.476165406039698
0.5765943280918795
0.5367563605805764
0.6037567420865809
0.5713458823941401
0.6915754680890985
0.6590808769869219
0.6363782919241364
0.5776897148010603
0.5619475819459238
0.516064278348438
0.7056463102964771
0.5911785984682782
0.5459103264261552
0.48953861021667916
0.5897323133969089
0.6417902201005021
0.5501848263840947
0.6386750908970552
0.6135938368915224
0.6743416616768682
0.5951760381033862
0.5668952584436907
0.70875955764417
0.6866979642755572
0.5914161772017796
0.5971043519161574
0.6322749906809775
0.6507957411005886
0.5763655666518687
0.5946223344244498
0.6941051043032678
0.6056310434734465
0.5091771930464134
0.54278319066078
0.5974862268705453
0.6481500884350807
0.6472375065120445
0.5938044557596712
0.5652339140559804
0.6631056838980508
0.6122637430508566
0.6334166464716383
0.5700004230086869
0.5783960729053896
0.6941580311124462
0.6157808238210533
0.5270941783178538
0.6461706851407656
0.6466264170428642
0.5654523172653946
0.508109295321306
0.6507710658378764
0.5210300236654442
0.6591370081785687
0.5661231467162713
0.63835955704304
0.459202739927622
0.6270815026660027
0.5782710556624656
0.5161167052960736
0.5794179233141864
0.698228205545492
0.6120255453916266
0.6789834432529273
0.5923175839090129
0.6804194501499747
0.617404147244318
0.6507358190933176
0.603214975860681
0.6338654326162475
0.5075464674211704
0.6286126712142853
0.5780014191492423
0.7375203555120019
0.6222738016020518
0.48824234847805786
0.7191785673432579
0.6830296749785223
0.6144674089457207
0.5622545622133338
0.5937667555094832
0.5775042943121372
0.5799186794150611
0.576478835488995
0.6104066809931649
0.5639465063361914
0.7095072360387465
0.6244248391831334
0.5438217264679562
0.5590506015202872
0.5537309086098606
0.5636796166151535
0.651498783362156
0.5593123430081401
0.5098672583458699
0.6447458405006135
0.5994592030155544
0.4843145062692679
0.5608979753555884
0.5000957842153583
0.5491329974881262
0.5379877209031135
0.5807957823799023
0.5134441964925242
0.6042377337180924
0.5830211910198592
0.5889129490582857
0.543715407353134
0.6083708008474403
0.6160603721837082
0.5448923324173524
0.709163105796678
0.5517586467047847
0.654023144007877
0.5889523791972423
0.582816765357112
0.5739475849036505
0.6506917273856189
0.616806138197329
0.5686974543319162
0.5769221938402775
0.6002513518283076
0.5034299533457571
0.6156337275622572
0.5842666010809775
0.5115603570070867
0.6670309019220225
0.6580402819723302
0.5376982524719734
0.626039185078949
0.5606454423890036
0.542091323743925
0.6267849956296879
0.5823250724249484
0.6275874547141067
0.5610858790537275
0.44588250440557947
0.5122928441665203
0.5789181207794725
0.629582450320378
0.6240576270955133
0.5990683326024239
0.5389983918706802
0.49347813282731323
0.5688626262494098
0.6782689659520714
0.5168949760704847
0.5605640048197208
0.46636065770635354
0.5419543041995124
0.56093501864429
0.5524555610914549
0.6314395454846667
0.48451588981237587
0.5636102929980776
0.6194522466146911
0.5823559030180051
0.7417886817803492
0.6032494314591065
0.634087259025118
0.6331386391364046
0.6326317963889916
0.6411392288737809
0.5792239212998079
0.5837072384936365
0.5505361272240015
0.5709971272600717
0.5975633298685192
0.7432065705907958
0.5986457728803056
0.5973456797005148
0.5748048257588958
0.6131289203187354
0.6941958573869506
0.5904012731302729
0.5844962897516448
0.6590432681851057
0.6023636259734014
0.5699814301962806
0.5451813702710266
0.6492887330812319
0.6417338545245864
0.5650466172641343
0.5806746681011026
0.6825965171228684
0.5514458233190305
0.509253527154422
0.7664347062999525
0.6628324795835975
0.5612731575275388
0.639601161990657
0.6253959634281085
0.5383278937415487
0.6424519522638764
0.5478856111844361
0.5126352150185706
0.5873740407260478
0.5711791769928072
0.5902745014611241
0.6615485857778928
0.6224871632872818
0.6702948641997336
0.5881396157586725
0.5806967943744596
0.6339835199302085
0.5711212693330682
0.6034920925857182
0.7906618655172554
0.6108705328195437
0.6864184466465129
0.6326932198808127
0.6251452073684722
0.6552403789328419
0.6877278983986579
0.614384239289599
0.5830293743301623
0.4824283634890476
0.5609507479320527
0.5738636503477356
0.6444852665409994
0.5411154613473946
0.6085995264762737
0.5288331738143709
0.592930073271845
0.6636923184598863
0.5593384155585083
0.5894957214373947
0.555703785316792
0.6319223886275286
0.6132946015500474
0.6715285462505479
0.6326344967961377
0.5886451375974503
0.6586341429109396
0.5551018882409791
0.5769094259726953
0.5448985806425691
0.6154356923177738
0.5036938346526935
0.6237796954708735
0.5814676330358647
0.6247818145658036
0.6097790852653125
0.549679162937141
0.6557773830122201
0.5871338438283186
0.6240106680924863
0.660585768838183
0.5451643560603766
0.5127824273279714
0.5799875898628487
0.5341165086855281
0.6738865071926242
0.5830502190537323
0.6543547914504514
0.5651052544820265
0.5915223252035421
0.6735149585666503
0.6486088499545531
0.5409388968156216
0.5921944814210603
0.5965645337956491
0.7121533796446267
0.6310850512896208
0.6412912965630718
0.6773162048437672
0.651125709126491
0.5769770869486167
0.8214804446595917
0.6172626120604675
0.5499305703270462
0.6654011648131816
0.601581338946235
0.5975393447669597
0.5881134618249587
0.6227488562485979
0.6074283134572935
0.5791552229380755
0.6348190642353445
0.6753506142168512
0.6171561300337585
0.5501693910574631
0.6085316699579109
0.5164500484447397
0.5335752264964818
0.6029742452116614
0.6494970671481631
0.5976941776603609
0.6323344035119961
0.5944951991489512
0.5113270853330908
0.6136683103700165
0.63432414702216
0.8210805923874934
0.5987604551102242
0.6526896300780071
0.61009136113484
0.648150197947067
0.6568940904464547
0.5826750781720792
0.6346405657832758
0.5738471343587902
0.6517392102826047
0.5787177279553704
0.5176353551881038
0.5395667157018128
0.5451914268633324
0.5972891550440389
0.6695390130709624
0.6199130058244723
0.6326466561000034
0.6553583112155993
0.5177630626357873
0.7515779284577508
0.5588620360264253
0.5970890764598261
0.6111495918251618
0.5928099769161582
0.6032963412567565
0.5396094988648746
0.5571559185759967
0.6646626108575187
0.5832985541449544
0.5869085121468792
0.5716497922130951
0.6392050587183676
0.7150550864856692
0.6748426409277754
0.5968323906745666
0.5655619563081045
0.5415234705108093
0.5178422766018638
0.6628768592178709
0.6185401657343316
0.6581063939097138
0.653188203116738
0.5158656429182108
0.5308824426286315
0.5677074788702622
0.6395114694715973
0.524336448992018
0.6579637118731643
0.633312957593388
0.5148711851510531
0.5744272795091185
0.5355026076818382
0.5725782512744793
0.6802920332477568
0.5690974417116165
0.5936054979791295
0.5885686990489921
0.5422694515298317
0.6520288683826118
0.5934973548364036
0.5785649640760303
0.5875217673700677
0.6175231761804685
0.6576044359964851
0.6007293577577414
0.5630105440770543
0.57699018609322
0.5302606298901892
0.6243154070610706
0.6208297357405873
0.6274130784463826
0.5500032907343307
0.6948017308784428
0.6402113540109194
0.5327177018648409
0.6214745929833215
0.6370740184134064
0.6174051483277986
0.7167728065071511
0.6627814667530133
0.6847658218128904
0.5035805731171655
0.5417880294783458
0.5739344726258042
0.6873951115658278
0.654756456900686
0.7365064489113875
0.6002380657428831
0.6483397594583794
0.7154178867177832
0.6015285805406497
0.5934744083893116
0.5938323456575098
0.5444837339539786
0.6491039943600138
0.6322203952608063
0.6721116590876152
0.6046708302038567
0.5011931144430725
0.564774283530116
0.5606317359429142
0.6114117742970003
0.5098324741798473
0.5510869627184743
0.7376814151338121
0.6501187018795552
0.52651751265313
0.5687882511441071
0.5868221146276823
0.5112966369185261
0.6672771642346386
0.6113813508219357
0.6003530047228548
0.6603275166335505
0.616839378228378
0.6509511755481595
0.660303176080621
0.6673653676993171
0.6298699742016994
0.6278284525156789
0.6264319289950182
0.543693402837604
0.5787932436465149
0.6143520364808737
0.5688343864492585
0.6253705272685465
0.5791252610954293
0.604283753657446
0.6255930723672726
0.6932318911543999
0.6431394506828473
0.6756419795495056
0.5582770900066353
0.6415767976709684
0.6161333059543287
0.7123659702780203
0.6271933654370656
0.5969416972262745
0.6508644258759314
0.515429417308522
0.582153898861972
0.6779702094701417
0.5233999968349622
0.5320849700869132
0.5777050134549722
0.583856823124202
0.5655294813419736
0.525618871391259
0.5827527181797688
0.5203245026298976
0.6109076665119972
0.49959841236359703
0.5813543407978895
0.6196078072088161
0.6798633737752754
0.6649575787994707
0.6024462076895298
0.5976823399995418
0.4509961430524723
0.7043690713762584
0.620033143865908
0.544980096555214
0.5607387190218328
0.6133357705455067
0.5258367896446864
0.4878353712413867
0.5846062698065452
0.5438256890272303
0.549626655229605
0.5001976467702792
0.539363512230538
0.5564381712704943
0.6202460953063276
0.5357882740453048
0.6467106214814151
0.7363113105129048
0.5162754577555129
0.5313360065647073
0.4602460213699104
0.6146432984270896
0.6660296961090953
0.6501485731426734
0.5884385728973006
0.5389231344941637
0.7447841546443453
0.6435105959238433
0.5890878603394024
0.59755334678552
0.5632294051865538
0.6822947616634151
0.5271018513179878
0.635035117148785
0.5910126127453305
0.6679105073126236
0.5915248486525382
0.5935749444713815
0.4690611172255729
0.6486505211673405
0.6059063057866245
0.497441151567305
0.6240040036758739
0.6256967251281015
0.6491421398300898
0.5903319130403782
0.5901272198735293
0.5687577484405346
0.5189325152433972
0.5898198386551945
0.5993703637780025
0.6499773566424415
0.5781840211282212
0.5512933596648578
0.6477830869181703
0.6970310842818237
0.6064288432716762
0.5545328186406487
0.649516335908525
0.5946533502409875
0.5712051964063217
0.6510455050589948
0.659983793526776
0.5612490348940636
0.5200212944114598
0.7080854903977553
0.5152224025276512
0.6893310806605079
0.6482201551220612
0.676610503420097
0.5744088262999307
0.629144844262047
0.6148710278879328
0.5380538329376335
0.5933264395264134
0.629775571570729
0.6288291617735396
0.5451409041409837
0.6436133339580061
0.6392688440007496
0.5342765202283575
0.5794577431491025
0.6471868039303361
0.5363335858791619
0.5501224251291168
0.6585902580268618
0.6645638428338897
0.6028034010301223
0.7515952611800746
0.6428560283691733
0.6549229897261731
0.5790719606085927
0.7058817725389126
0.5702394980513711
0.4948743005629758
0.6817435097405319
0.705306282640548
0.49076436407876867
0.5666028266957909
0.6209146450638494
0.5261281893701574
