0.9725298576978565
0.9263326825823105
1.0007900818472257
1.0013951426535366
0.9752268882875856
1.0036552045125735
1.010134802373317
0.9898829729785372
1.017867402908301
0.971023544620367
0.7403418526977465
1.0123893222779705
0.9228116967983173
0.8801460046261459
1.003207083042231
1.0046335871633196
0.9589343029671419
0.9578079619149665
0.9168295881774654
0.8704748263213071
0.9628430271735514
0.831539932376754
0.7522533848701547
0.9333771926721723
0.8824131173092375
0.9790398709199314
0.8853369320679476
1.0130189405708827
0.9837639817423323
0.9774315765018663
0.9422715995173109
0.920301121526468
0.9845480905926532
0.9912530449290216
0.9492894736366464
0.9200679283416717
0.941436743905346
0.9719194352791153
0.9600802458513333
1.000249788886782
0.9790100063925248
0.971569627543923
0.9258186773453696
0.8462031099779983
0.943283246636281
0.9832505551601318
1.0002220948242173
1.0091230072750679
0.9754893669195621
0.9803942563076339
0.9452240498530037
0.9848371455202016
0.9392348964081059
0.974126581018407
0.9716408355191609
0.9859382456327156
0.9821740242893566
0.8553064078768605
0.9735363593325598
0.9585644961068978
0.9291400703819708
0.9713722530075943
0.8438381866919966
0.8190873737347836
0.9475069999096103
0.982552175551713
0.8323039570909282
0.846879093550147
0.8006692249383163
1.001281029604624
0.9719193930472734
0.9526838369620091
1.0157454859355441
0.9219352385237733
0.9909785070797235
0.8270851297229769
0.9103447646257177
0.8934823601277759
1.0399637550473675
0.9640806013357498
0.9968188909615334
0.9939667643174447
1.008401647504712
0.9792887260240353
0.8840842832089073
0.92263485831464
0.9944141407243727
0.9802211008574406
0.9541209199946445
0.977849305790649
0.9333542430211675
1.0245993955296195
0.9836958235947467
0.9950770917955027
1.0122877864757418
0.9039322835115984
0.9949512067398866
0.9938559895523497
1.023528811851881
0.9912349493200068
0.9968929440521368
0.9937594843087634
1.0062205480176893
0.9928850519687433
1.0116386888783502
0.986468233956382
1.0003727670870715
1.0389769176019867
0.9837588635051399
0.9767435721026351
1.0080926516601
1.0021581821910028
0.9898916780413749
1.009349011538205
0.9781423403544256
0.8367097911656309
0.9231789302683792
0.994782627669857
1.0121776464972432
0.9844882461061285
0.9875696493353026
0.9862888366238147
1.0006795896620722
1.0143681235521418
1.0179462547676856
0.9743739847331074
0.8465175391973814
0.9522018292607264
0.9521497394726474
0.9757118644630793
0.8581362783731311
0.8736328986984953
0.8181469550294326
1.0046612118050833
0.9788221119509946
0.8933738641972111
0.9191951734523393
0.8554358205050742
0.8735700167010872
0.893775530059995
0.9013178679157294
0.9351431879379181
0.9907629374303586
0.9563735658978167
1.0090774758999197
0.8293677796157202
0.903359490623845
0.7906664412356884
